 8.18570215e+00 7.05882995e+00
 8.73404283e+00 7.27640593e+00
 8.83064337e+00 6.58446453e+00
 9.09323535e+00 6.62863258e+00
 8.60073334e+00 6.46481849e+00
 8.91760207e+00 6.62555390e+00
 8.33525106e+00 6.37062925e+00
 8.79608549e+00 6.45668236e+00
 8.24683464e+00 6.79886733e+00
 8.76489627e+00 6.68990711e+00
 8.52043407e+00 6.45428503e+00
 8.43953971e+00 6.84685409e+00
 8.55642269e+00 7.08994362e+00
 8.98258921e+00 6.66004865e+00
 8.47760449e+00 6.74860898e+00
 8.28928033e+00 6.35864572e+00
 9.23388403e+00 6.52754467e+00
 8.35033582e+00 7.27534962e+00
 8.53607056e+00 6.35419896e+00
 8.92906076e+00 6.39611557e+00
 8.52098049e+00 6.92190859e+00
 7.94675284e+00 7.20960551e+00
 8.56463850e+00 6.62060876e+00
 9.08916664e+00 6.51373395e+00
 8.76196116e+00 6.96827967e+00
 8.08753212e+00 6.78911116e+00
 8.14154501e+00 6.98246029e+00
 8.19177378e+00 6.93342192e+00
 8.97473973e+00 7.10571341e+00
 8.43205753e+00 6.72678472e+00
 8.32935259e+00 6.48662684e+00
 8.52557119e+00 6.21425301e+00
 8.56942588e+00 6.79355369e+00
 8.51944196e+00 6.98168032e+00
 9.16543032e+00 6.94055871e+00
 8.84690174e+00 6.62973137e+00
 8.70553557e+00 7.04643118e+00
 8.42719216e+00 6.86905926e+00
 8.43113864e+00 6.91390663e+00
 8.12389793e+00 6.99216797e+00
 1.53967855e+00 2.36027090e+00
 2.69557862e+00 2.00388727e+00
 2.05592491e+00 3.43348994e+00
 1.63485731e+00 1.62197868e+00
 1.10334677e+00 3.38350242e+00
 1.87138163e+00 3.75426157e+00
 1.26111912e+00 2.03277834e+00
 2.21004707e+00 2.76343115e+00
 2.16602359e+00 2.79061872e+00
 1.86688407e+00 2.65236779e+00
 2.85488890e-01 2.06802967e+00
 1.67892953e+00 2.53336923e+00
 2.43949780e+00 2.44513966e+00
 2.69209813e+00 2.16539516e+00
 1.91937021e+00 2.90788985e+00
 2.02322758e+00 2.79493047e+00
 2.68349004e+00 3.07844623e+00
 2.37430344e+00 2.67690811e+00
 2.02146593e+00 3.69278925e+00
 2.08392082e+00 2.88187908e+00
 2.92810067e+00 3.86606874e+00
 2.05727223e+00 3.31413485e+00
 3.44547628e+00 1.86300151e+00
 2.73884274e+00 2.92697451e+00
 1.48686541e+00 2.56484362e+00
 1.54380711e+00 3.64142155e+00
 1.56226417e+00 2.06163220e+00
 2.34334325e+00 1.72295973e+00
 1.67583256e+00 3.14716991e+00
 1.76891234e+00 2.23047989e+00
 2.38420596e+00 3.34803466e+00
 2.41754605e+00 2.53918267e+00
 2.07031967e+00 3.03280491e+00
 1.51015424e+00 3.68039034e+00
 2.37324208e+00 2.54419040e+00
 1.78549343e+00 3.05669014e+00
 2.17994970e+00 2.49938698e+00
 1.84739604e+00 2.81949755e+00
 1.67339660e+00 2.41420883e+00
 2.55175500e+00 4.05050543e+00
 2.79061659e+00 2.36484108e+00
 2.94039025e+00 2.42873610e+00
 2.92821409e+00 2.41766894e+00
 3.07840706e+00 2.47644316e+00
 3.10782546e+00 2.49742874e+00
 3.25844980e+00 2.54527238e+00
 3.17741478e+00 2.51568476e+00
 2.95094922e+00 2.43052112e+00
 2.74443122e+00 2.34936596e+00
 3.03708881e+00 2.45989052e+00
 3.09822133e+00 2.49675330e+00
 2.96414463e+00 2.44446122e+00
 2.97048033e+00 2.45165994e+00
 3.06151273e+00 2.47957108e+00
 2.82062121e+00 2.38475546e+00
 3.14511703e+00 2.50957071e+00
 3.10821003e+00 2.48982216e+00
 2.94949824e+00 2.43695741e+00
 2.94712107e+00 2.43101670e+00
 3.16160450e+00 2.51995294e+00
 2.96166861e+00 2.42932222e+00
 3.17227904e+00 2.51649460e+00
 3.08841447e+00 2.48316526e+00
 3.07143150e+00 2.47237731e+00
 3.07974185e+00 2.47681265e+00
 2.85187275e+00 2.39888367e+00
 3.23051735e+00 2.54062031e+00
 2.98151605e+00 2.44156372e+00
 2.97597382e+00 2.44225576e+00
 3.07158241e+00 2.48150122e+00
 3.11337360e+00 2.49307037e+00
 2.97609910e+00 2.44449333e+00
 2.85558143e+00 2.39084250e+00
 3.20947077e+00 2.54575174e+00
 3.19529994e+00 2.52130471e+00
 2.81025994e+00 2.37078519e+00
 2.96664187e+00 2.44297358e+00
 3.11734203e+00 2.50227622e+00
 3.14771741e+00 2.50987677e+00
 3.16128079e+00 2.51765136e+00
 3.91889285e+00 2.55343116e+00
 3.94476158e+00 2.54263421e+00
 3.88826601e+00 2.56876981e+00
 3.95317571e+00 2.54943615e+00
 3.92775252e+00 2.54969070e+00
 3.94808906e+00 2.53701648e+00
 3.95079641e+00 2.55006863e+00
 3.97991908e+00 2.53884894e+00
 3.95190957e+00 2.55796262e+00
 3.99477001e+00 2.52887759e+00
 3.96696351e+00 2.54116346e+00
 3.94722939e+00 2.54601816e+00
 3.93443357e+00 2.54978632e+00
 3.91328688e+00 2.55436008e+00
 3.94783130e+00 2.54046413e+00
 3.90872244e+00 2.55683481e+00
 3.92504586e+00 2.55711122e+00
 3.89831458e+00 2.57087560e+00
 3.96146881e+00 2.55023366e+00
 3.93135794e+00 2.55309116e+00
 3.92279542e+00 2.54973057e+00
 3.94457963e+00 2.53360575e+00
 3.97029063e+00 2.53500926e+00
 3.94924126e+00 2.54003118e+00
 3.96235293e+00 2.53622722e+00
 3.93020317e+00 2.54880416e+00
 3.96955621e+00 2.53243834e+00
 3.91302758e+00 2.56428950e+00
 3.94055074e+00 2.54549548e+00
 3.92493981e+00 2.55248309e+00
 3.92971786e+00 2.55884597e+00
 3.94980785e+00 2.55030181e+00
 3.90610271e+00 2.56311901e+00
 3.89397670e+00 2.56640637e+00
 3.92250263e+00 2.54849622e+00
 3.97345168e+00 2.53645360e+00
 3.94107181e+00 2.54258430e+00
 3.92187317e+00 2.55910403e+00
 3.91061449e+00 2.55620355e+00
 3.95806775e+00 2.53152043e+00
 4.04181813e+00 7.72249604e+00
 3.84940427e+00 7.65960445e+00
 3.94378627e+00 7.70329332e+00
 3.49451027e+00 7.59018738e+00
 3.91839531e+00 7.64010400e+00
 3.71875533e+00 7.59797729e+00
 3.82389791e+00 7.61629619e+00
 3.97369351e+00 7.72898487e+00
 3.66639123e+00 7.63670945e+00
 3.76409104e+00 7.58698179e+00
 3.84833156e+00 7.68207370e+00
 3.91933074e+00 7.70564300e+00
 3.48693188e+00 7.54617655e+00
 3.89753464e+00 7.66554183e+00
 3.84901062e+00 7.64509227e+00
 3.66623185e+00 7.61439536e+00
 3.85933753e+00 7.63196801e+00
 3.71856918e+00 7.59518088e+00
 4.03902130e+00 7.75309478e+00
 4.03983299e+00 7.76447005e+00
 3.69880653e+00 7.65825746e+00
 3.91092287e+00 7.65050508e+00
 3.61476594e+00 7.58722994e+00
 3.77434720e+00 7.59261825e+00
 4.03655940e+00 7.62846694e+00
 3.78959340e+00 7.69440425e+00
 3.96060293e+00 7.66486024e+00
 3.69357896e+00 7.62940222e+00
 4.00186122e+00 7.67750209e+00
 4.04541499e+00 7.71215829e+00
 3.87717370e+00 7.68532740e+00
 3.91851944e+00 7.64833581e+00
 3.75514465e+00 7.62313254e+00
 3.92921742e+00 7.67166915e+00
 3.81345856e+00 7.62780337e+00
 4.12688181e+00 7.69551378e+00
 4.08152852e+00 7.67257222e+00
 3.89255052e+00 7.66397422e+00
 4.02358603e+00 7.62806845e+00
 3.65391760e+00 7.61797620e+00
 1.50219016e+00 6.78471145e+00
 1.50204412e+00 6.78592354e+00
 1.50803820e+00 6.78941396e+00
 1.50303186e+00 6.79723863e+00
 1.50633588e+00 6.79160200e+00
 1.50497148e+00 6.78966183e+00
 1.50058640e+00 6.79299926e+00
 1.49858382e+00 6.78598708e+00
 1.50600573e+00 6.78999506e+00
 1.50053908e+00 6.78844605e+00
 1.50245394e+00 6.78560750e+00
 1.49744396e+00 6.78900951e+00
 1.50403879e+00 6.79235466e+00
 1.49939645e+00 6.78642622e+00
 1.50242721e+00 6.79300315e+00
 1.50540103e+00 6.79231881e+00
 1.50513558e+00 6.79339585e+00
 1.50547901e+00 6.78678855e+00
 1.49678848e+00 6.79206170e+00
 1.50241110e+00 6.78852755e+00
 1.49726597e+00 6.79527316e+00
 1.50578502e+00 6.78985888e+00
 1.50708285e+00 6.78908420e+00
 1.50310808e+00 6.78880795e+00
 1.50422014e+00 6.78645148e+00
 1.50253344e+00 6.78865126e+00
 1.50504671e+00 6.78963969e+00
 1.50883429e+00 6.78723924e+00
 1.50573682e+00 6.78890081e+00
 1.49812009e+00 6.79393181e+00
 1.50524429e+00 6.79474595e+00
 1.50062222e+00 6.79087244e+00
 1.49656704e+00 6.79382870e+00
 1.50707214e+00 6.78582340e+00
 1.50494818e+00 6.78600485e+00
 1.50237865e+00 6.79356985e+00
 1.50138014e+00 6.78802394e+00
 1.50220448e+00 6.79077827e+00
 1.50128344e+00 6.79338111e+00
 1.50306431e+00 6.78612350e+00
 2.68460111e+00 8.60546019e+00
 3.33063010e+00 8.76970446e+00
 3.10673264e+00 8.12973599e+00
 3.14226891e+00 8.90104618e+00
 3.27137813e+00 8.99822771e+00
 3.30762812e+00 9.03664625e+00
 3.08441456e+00 8.98631025e+00
 3.96056219e+00 8.56591045e+00
 2.97807106e+00 8.01333112e+00
 3.23095049e+00 7.64901088e+00
 2.96495867e+00 9.85545938e+00
 2.83601353e+00 8.28648501e+00
 3.39264592e+00 8.52153671e+00
 3.24327932e+00 8.54931906e+00
 3.63671563e+00 9.53310725e+00
 2.57356751e+00 9.13381809e+00
 3.62795482e+00 9.24709993e+00
 3.57582086e+00 8.68006749e+00
 3.41341929e+00 9.63501690e+00
 2.86266615e+00 9.09034130e+00
 3.31963285e+00 7.92206856e+00
 3.01307366e+00 8.59294392e+00
 2.82858927e+00 8.51893082e+00
 3.73297699e+00 8.81859441e+00
 3.38927701e+00 8.99399881e+00
 3.75646731e+00 9.39884447e+00
 3.70935190e+00 7.89825790e+00
 3.61171984e+00 8.68288157e+00
 2.83750270e+00 7.87621204e+00
 3.52716594e+00 8.54387987e+00
 3.64558158e+00 8.33949836e+00
 3.96196375e+00 7.55900788e+00
 3.57031709e+00 8.60816175e+00
 1.70793916e+00 8.72718536e+00
 2.98738627e+00 8.82483574e+00
 3.18675505e+00 8.27360859e+00
 2.78879897e+00 8.64517934e+00
 2.94846971e+00 8.40375384e+00
 3.27268724e+00 9.53773317e+00
 2.87302955e+00 8.98173617e+00
 1.05913888e+01 9.13636798e+00
 1.09301087e+01 9.35603801e+00
 1.04731117e+01 1.00309057e+01
 1.08851579e+01 9.68895759e+00
 1.04260906e+01 1.04685078e+01
 1.06309758e+01 9.70108230e+00
 1.16022439e+01 9.78012629e+00
 1.06199254e+01 9.68771656e+00
 1.01578512e+01 8.97459371e+00
 1.08064115e+01 9.33248447e+00
 1.04505987e+01 9.67042919e+00
 1.07786929e+01 9.58796164e+00
 1.07036991e+01 9.93123688e+00
 1.01727865e+01 9.89458651e+00
 1.04922862e+01 9.19689174e+00
 1.09327846e+01 1.01345122e+01
 1.00968292e+01 9.92754826e+00
 1.14455243e+01 1.02834388e+01
 1.01159901e+01 9.46620379e+00
 1.05149854e+01 8.33569344e+00
 1.09722197e+01 9.38303941e+00
 1.00748153e+01 8.72059845e+00
 1.08550387e+01 8.97369944e+00
 1.00531048e+01 9.34714764e+00
 1.01520218e+01 9.06886048e+00
 1.17052827e+01 9.41567184e+00
 1.09334883e+01 8.91422681e+00
 1.05381381e+01 9.65053181e+00
 1.07451153e+01 9.68944881e+00
 1.04603545e+01 9.48349340e+00
 1.05180918e+01 9.60732752e+00
 1.10576429e+01 9.94231910e+00
 1.14729759e+01 9.26270245e+00
 1.13412182e+01 9.24010056e+00
 1.00363047e+01 9.73420955e+00
 1.06237319e+01 8.61885516e+00
 1.03057507e+01 9.15424725e+00
 1.07430406e+01 9.02317864e+00
 1.05055051e+01 8.74021229e+00
 1.10010786e+01 9.75828668e+00
 1.28801255e+00 1.02848327e+01
 1.30520914e+00 1.03529538e+01
 1.56773079e+00 9.33064470e+00
 1.52995576e+00 9.25437357e+00
 1.54076305e+00 9.11739584e+00
 1.50706485e+00 9.52435113e+00
 1.34667767e+00 9.86450361e+00
 1.37997655e+00 9.80593839e+00
 1.49751502e+00 9.63559342e+00
 1.32000821e+00 1.02809005e+01
 1.52550330e+00 9.53862760e+00
 1.57564219e+00 8.99318216e+00
 1.36550310e+00 9.87346222e+00
 1.58414973e+00 8.65521021e+00
 1.59007656e+00 8.79394260e+00
 1.49623659e+00 9.32247941e+00
 1.62536031e+00 8.65046003e+00
 1.41687786e+00 9.54508290e+00
 1.50426680e+00 9.13949803e+00
 1.64752389e+00 8.40929507e+00
 1.69070066e+00 8.70657543e+00
 1.61104060e+00 9.09678935e+00
 1.45427517e+00 9.70213169e+00
 1.33007005e+00 1.01981486e+01
 1.47957424e+00 9.47312131e+00
 1.62317839e+00 8.56031400e+00
 1.56384160e+00 9.29131831e+00
 1.27050369e+00 1.04586165e+01
 1.68760852e+00 8.82362823e+00
 1.46666277e+00 9.47640810e+00
 1.60053486e+00 8.90750569e+00
 1.67045256e+00 8.73258668e+00
 1.50070946e+00 9.34587674e+00
 1.46324330e+00 9.29595429e+00
 1.52214139e+00 9.46139354e+00
 1.51148782e+00 9.20454614e+00
 1.35551971e+00 1.00981490e+01
 1.40827156e+00 9.68196155e+00
 1.57059362e+00 9.28247755e+00
 1.28255818e+00 1.07426909e+01
