 2.69653199e+01 4.01274065e+01
 6.76086728e+01 4.79915916e+01
 4.95970655e+01 4.63978780e+01
 4.20154762e+01 4.55712528e+01
 7.51681025e+01 4.55470511e+01
 8.59012050e+01 5.36543515e+01
 4.41748765e+01 4.48424296e+01
 5.88740319e+01 4.61552263e+01
 5.66728415e+01 4.82578492e+01
 4.19160147e+01 4.58474622e+01
 5.60523152e+01 4.65326460e+01
 2.53776178e+01 3.97140356e+01
 4.08676325e+01 4.46838110e+01
 7.50093217e+01 4.86740382e+01
 5.99148519e+01 4.74569155e+01
 9.89009967e+01 6.58006710e+01
 6.47440685e+01 4.55440556e+01
 6.15397228e+01 4.63550031e+01
 5.12470869e+01 4.66572872e+01
 5.25234502e+01 4.98890421e+01
 4.95912998e+01 4.54715550e+01
 4.75541973e+01 4.58395518e+01
 4.58039684e+01 4.60063789e+01
 4.78132630e+01 4.84170966e+01
 6.18792747e+01 4.75599278e+01
 8.89064365e+01 5.66537529e+01
 4.01486230e+01 4.69463021e+01
 4.17077019e+01 4.58718823e+01
 7.73595825e+01 5.05701307e+01
 8.81028367e+01 5.90535910e+01
 5.58458278e+01 4.65236460e+01
 5.72395051e+01 4.67494507e+01
 2.54903787e+01 4.23514199e+01
 5.62566691e+01 4.59571133e+01
 7.59917816e+01 4.72879118e+01
 6.50530006e+01 4.87989629e+01
 4.62054262e+01 4.78276654e+01
 7.27436137e+01 4.58287150e+01
 4.37640928e+01 4.73404968e+01
 1.85750278e+01 3.06158033e+01
 7.62428336e+01 4.72572152e+01
 6.24621977e+01 4.19296158e+01
 2.37567483e+01 4.02816924e+01
 6.98280967e+01 4.72670605e+01
 3.11199240e+01 4.50548590e+01
 3.87793712e+01 4.76294039e+01
 6.49061349e+01 4.73458285e+01
 4.19305573e+01 4.55911257e+01
 4.63988902e+01 4.58781536e+01
 2.56762448e+01 3.73217195e+01
 6.05504120e+01 4.59707269e+01
 5.99812964e+01 4.52023054e+01
 6.18887687e+01 4.52702952e+01
 7.62755483e+01 4.88980020e+01
 5.62611930e+01 4.54099505e+01
 2.89126672e+01 4.07335563e+01
 3.57174165e+01 4.69976456e+01
 5.40308364e+01 4.50351305e+01
 6.25389284e+01 4.66009635e+01
 3.59201282e+01 4.07292994e+01
 6.78680030e+01 4.74100781e+01
 2.08694095e+01 3.47230913e+01
 5.18251370e+01 4.80133232e+01
 5.20063502e+01 4.52565354e+01
 2.10501275e+01 3.76596833e+01
 4.59486527e+01 4.33962177e+01
 3.98947947e+01 4.38290424e+01
 3.83523330e+01 4.52851089e+01
 8.13772511e+01 5.02875682e+01
 7.11040367e+01 4.68024835e+01
 3.08163923e+01 4.17017329e+01
 4.59120073e+01 4.82870830e+01
 4.60770573e+01 4.55823704e+01
 7.19057306e+01 4.65869004e+01
 5.18198300e+01 4.45279679e+01
 7.25384761e+01 4.73730183e+01
 6.59283685e+01 4.44549702e+01
 7.93579371e+01 4.89624773e+01
 7.15464175e+01 4.80979459e+01
 6.12828160e+01 4.63734868e+01
 5.25014525e+01 4.71115917e+01
 7.41723159e+01 4.90981284e+01
 3.92126041e+01 4.54680325e+01
 6.49400461e+01 4.84994268e+01
 6.22750153e+01 4.58747713e+01
 4.71793766e+01 4.73567100e+01
 4.69995288e+01 4.62746148e+01
 3.52639056e+01 4.32420453e+01
 6.29341528e+01 4.41445036e+01
 4.58673092e+01 4.24607557e+01
 4.11411618e+01 4.69209874e+01
 5.23493360e+01 4.62551226e+01
 5.47754572e+01 4.55021407e+01
 6.71212640e+01 4.67584087e+01
 7.93817318e+01 4.73023022e+01
 8.20320554e+01 5.36736726e+01
 5.14819182e+01 4.68994346e+01
 7.55396428e+01 4.71221698e+01
 5.52572168e+01 4.53274854e+01
 3.68084858e+01 4.54756655e+01
 3.55489903e+01 4.26419544e+01
 8.78422718e+01 5.13235637e+01
 5.21702781e+01 4.43038330e+01
 6.97367189e+01 4.59856237e+01
 6.12158390e+01 4.57564440e+01
 4.00977486e+01 4.34084518e+01
 7.34381619e+01 4.82171407e+01
 7.18309956e+01 4.61281644e+01
 8.15193400e+01 4.60958831e+01
 3.74887039e+01 4.55272430e+01
 4.69911826e+01 4.47953520e+01
 5.93625609e+01 4.73660805e+01
 4.60165835e+01 4.57595953e+01
 6.86261679e+01 4.47693266e+01
 3.57050394e+01 4.35243035e+01
 2.98916050e+01 4.06485235e+01
 8.28993570e+01 5.13527622e+01
 5.13206436e+01 4.54391081e+01
 4.49755454e+01 4.48078952e+01
 6.28298733e+01 4.54841507e+01
 7.74842860e+01 4.63322691e+01
 4.62539512e+01 4.47688235e+01
 5.99093677e+01 4.67031756e+01
 3.56819855e+01 4.34991177e+01
 4.65880067e+01 4.38608129e+01
 6.61117227e+01 4.67146248e+01
 6.48223065e+01 4.50920640e+01
 5.23039854e+01 4.75720155e+01
 4.25326650e+01 4.47757927e+01
 2.79230296e+01 3.99801966e+01
 6.41074280e+01 4.27781758e+01
 5.64203880e+01 4.48388664e+01
 7.43800184e+01 4.43649659e+01
 8.23601895e+01 5.12108255e+01
 6.48185122e+01 4.86070795e+01
 2.67562897e+01 3.80761345e+01
 4.90599305e+01 4.38035118e+01
 9.63765257e+01 6.73871435e+01
 7.10363355e+01 4.70589642e+01
 7.13503764e+01 4.83562193e+01
 4.79391957e+01 4.58130850e+01
 5.78475951e+01 4.58307615e+01
 6.75405195e+01 4.52351521e+01
 7.57568102e+01 4.82245202e+01
 6.07180738e+01 4.52614772e+01
 8.62322614e+01 5.38872170e+01
 3.69839487e+01 4.34546314e+01
 5.43450828e+01 4.33068423e+01
 7.45399691e+01 4.69535874e+01
 5.44861686e+01 4.77147115e+01
 3.77040130e+01 4.05295519e+01
 7.90878979e+01 5.16998955e+01
 7.03461807e+01 4.52338693e+01
 3.32237176e+01 4.32802628e+01
 7.89246631e+01 4.86185770e+01
 3.37652902e+01 4.65940975e+01
 2.43336677e+01 3.55307587e+01
 4.60789817e+01 4.34825680e+01
 5.04190983e+01 4.61128586e+01
 6.77885508e+01 4.62504667e+01
 4.21511781e+01 4.67520423e+01
 4.01267256e+01 4.41819683e+01
 6.61164071e+01 4.77040980e+01
 7.30683065e+01 4.61658440e+01
 5.10180055e+01 4.39074105e+01
 5.25963557e+01 4.43747453e+01
 4.26357687e+01 4.56407978e+01
 7.70136574e+01 4.47502704e+01
 5.67668729e+01 4.52196591e+01
 5.43667262e+01 4.88207966e+01
 4.53150232e+01 4.50125410e+01
 5.57322328e+01 4.56657107e+01
 5.45153213e+01 4.60579988e+01
 4.73039247e+01 4.49427653e+01
 4.65694262e+01 4.72913494e+01
 2.01169372e+01 3.70075742e+01
 7.21484568e+01 4.46496120e+01
 6.54980087e+01 4.69223138e+01
 6.57416011e+01 4.64548049e+01
 2.88328920e+01 4.45283140e+01
 2.00967471e+01 3.46882114e+01
 5.50357038e+01 4.55867069e+01
 8.21084311e+01 5.21744534e+01
 4.61680091e+01 4.43809975e+01
 3.83677948e+01 4.65632558e+01
 9.90468562e+01 6.48146673e+01
 2.04485479e+01 3.48393154e+01
 5.25115716e+01 4.71760917e+01
 4.49873497e+01 4.71900358e+01
 7.35621930e+01 5.07216982e+01
 8.06868220e+01 5.37491683e+01
 6.59148304e+01 4.58964239e+01
 6.87756169e+01 4.60703802e+01
 5.75324872e+01 4.46218612e+01
 7.82461603e+01 5.17679401e+01
 5.38757083e+01 4.46526759e+01
 3.02699843e+01 4.58351980e+01
 3.46581662e+01 4.28221797e+01
 5.18727553e+01 4.38520197e+01
 1.00750973e+02 6.77755801e+01
 4.13041278e+01 4.68427859e+01
 6.62266607e+01 4.45086785e+01
 7.60701825e+01 4.56425489e+01
 3.17923638e+01 4.44985850e+01
 6.90398449e+01 4.62994504e+01
 5.23460499e+01 4.82599829e+01
 5.49111183e+01 4.64460708e+01
 6.76525644e+01 4.76011497e+01
 4.86367990e+01 4.64396264e+01
 5.65540543e+01 4.56309227e+01
 4.59462890e+01 4.67338151e+01
 6.92342991e+01 4.81549964e+01
 5.41752340e+01 4.64430627e+01
 5.82148851e+01 4.50675271e+01
 8.48478623e+01 5.36444920e+01
 7.62897929e+01 4.82949768e+01
 5.70133625e+01 4.65644388e+01
 5.06116478e+01 4.92022660e+01
 6.60462166e+01 4.32572135e+01
 7.38347430e+01 4.87971171e+01
 7.98161079e+01 5.12869445e+01
 5.96885394e+01 4.30843559e+01
 6.71324837e+01 4.58273604e+01
 4.58506252e+01 4.64385247e+01
 4.39437516e+01 4.47856302e+01
 8.13822762e+01 4.83741467e+01
 4.45671549e+01 4.03061416e+01
 6.92206256e+01 4.61753945e+01
 5.26075741e+01 5.00950422e+01
 1.00982732e+01 2.23457687e+01
 6.93996883e+01 4.63692363e+01
 4.13466121e+01 4.56976925e+01
 5.28146341e+01 4.94590995e+01
 4.62902535e+01 4.81376768e+01
 6.11984747e+01 4.61807408e+01
 6.46580494e+01 4.69471835e+01
 2.96681549e+01 4.34449227e+01
 3.80045257e+01 4.53623951e+01
 7.06282124e+01 4.61730958e+01
 4.00851935e+01 4.37967316e+01
 5.14375069e+01 4.40893644e+01
 4.37937594e+01 4.58190801e+01
 1.11784913e+02 9.34296310e+01
 5.87086503e+01 4.51393387e+01
 7.72061684e+01 4.87738355e+01
 5.56118878e+01 4.28850596e+01
 4.71734459e+01 4.72973732e+01
 6.19216470e+01 4.57446905e+01
 5.98785533e+01 4.52485429e+01
 4.80624708e+01 4.44377171e+01
 8.68881897e+01 5.34029415e+01
 5.09484423e+01 4.28290782e+01
 6.81334349e+01 4.69851524e+01
 4.55747021e+01 4.42753262e+01
 2.94305466e+01 4.19397657e+01
 4.66973552e+01 4.42737199e+01
 4.17894316e+01 4.45545298e+01
 1.00899209e+02 6.93700021e+01
 6.15338439e+01 4.43402883e+01
 5.47261074e+01 4.45935093e+01
 6.85215158e+01 4.51729765e+01
 4.22854210e+01 4.57442603e+01
 6.50440156e+01 4.68950007e+01
 8.58456416e+01 5.41310204e+01
 9.79491784e+01 6.64736712e+01
 4.74541704e+01 4.25329163e+01
 7.45918003e+01 4.95647837e+01
 6.79642172e+01 5.11604114e+01
 4.31311104e+01 4.57827903e+01
 5.53581770e+01 4.93237316e+01
 3.33112980e+01 4.28697166e+01
 2.97994756e+01 4.12929027e+01
 3.76398917e+01 4.69874241e+01
 1.04303026e+02 7.60566889e+01
 8.51803636e+01 5.24394970e+01
 6.23767844e+01 4.68488413e+01
 7.73904332e+01 4.86207552e+01
 5.12858909e+01 4.62590835e+01
 6.58615544e+01 4.81373335e+01
 4.92065929e+01 4.57332247e+01
 1.86817867e+01 3.25107406e+01
 3.74136716e+01 4.41737364e+01
 3.62677747e+01 4.47772931e+01
 7.83305496e+01 4.66333916e+01
 6.57623406e+01 4.73910453e+01
 7.15722775e+01 4.75738929e+01
 7.15471715e+01 4.73410430e+01
 4.17758100e+01 4.49085377e+01
 8.77570826e+01 5.47736119e+01
 7.13767710e+01 4.50098899e+01
 2.26671845e+01 3.92994026e+01
 5.27014036e+01 4.68217425e+01
 4.70368275e+01 4.53761817e+01
 4.01440601e+01 4.39489870e+01
 7.12599996e+01 4.64994703e+01
 5.16653789e+01 4.61890293e+01
 5.45208107e+01 4.79818318e+01
 2.08333758e+01 3.56234218e+01
 6.54073661e+01 4.51662187e+01
 3.41102285e+01 4.34034059e+01
 1.34844918e+00 2.41610597e+00
 8.02017675e+01 5.31841497e+01
 3.01049809e+01 4.19331432e+01
 1.28147424e+01 2.70174056e+01
 6.05347474e+01 4.51911517e+01
 7.45361574e+01 4.88728262e+01
 5.15587170e+01 4.34373952e+01
 6.23822538e+01 4.73910116e+01
 5.89343260e+01 4.74998448e+01
 3.43564456e+01 4.13252459e+01
 5.68999905e+01 4.66313500e+01
 4.51513864e+01 4.35195515e+01
 7.83803874e+01 4.81866766e+01
 7.26237303e+01 4.76600961e+01
 3.82294077e+01 3.81454034e+01
 3.03828597e+01 4.16536957e+01
 4.44031142e+01 4.64469552e+01
 4.25025964e+01 4.48775883e+01
 6.22696950e+01 4.52494682e+01
 5.37853403e+01 4.47159129e+01
 5.11849710e+01 4.43470278e+01
 7.03399498e+01 4.71863580e+01
 4.54748111e+01 4.75900996e+01
 3.77598436e+01 4.38587413e+01
 4.52840562e+01 4.99040666e+01
 5.78689232e+01 4.83265133e+01
 5.15780955e+01 4.35733372e+01
 7.50360254e+01 4.77334501e+01
 7.09530980e+01 4.59546291e+01
 3.04947194e+01 4.35682547e+01
 7.13970172e+01 4.75361244e+01
 6.56085811e+01 4.17618243e+01
 8.07675989e+01 4.66976441e+01
 6.25807516e+01 4.97228548e+01
 2.87558375e+01 4.03016254e+01
 8.08457281e+01 4.94312916e+01
 6.85453653e+01 4.53144365e+01
 4.43329185e+01 4.49318500e+01
 4.95294449e+01 4.83818461e+01
 6.03984750e+01 4.44185082e+01
 2.71797063e+01 3.86496168e+01
 5.92978421e+01 4.66299985e+01
 3.30365409e+01 4.30143515e+01
 6.02236018e+01 4.76659495e+01
 5.28756860e+01 4.64674439e+01
 1.16790403e+01 2.62847880e+01
 5.71653029e+01 4.80373766e+01
 7.28707520e+01 4.68123427e+01
 5.24097456e+01 4.61972773e+01
 3.40482174e+01 4.53763694e+01
 6.78678621e+01 4.67433616e+01
 1.68639354e+01 3.01233658e+01
 5.06120970e+01 4.42648837e+01
 6.44832684e+01 4.43960047e+01
 3.20800201e+01 4.26744060e+01
 4.06185972e+01 4.77460384e+01
 7.23394655e+01 5.00770613e+01
 3.80646857e+01 4.65110029e+01
 5.75271699e+01 4.76839975e+01
 7.25169134e+01 4.58694104e+01
 4.76711163e+01 4.63101867e+01
 6.71478843e+01 4.14360157e+01
 6.52105870e+01 4.79061621e+01
 9.59523360e+01 6.33895655e+01
 5.71098045e+01 4.82834191e+01
 4.79371987e+01 4.73001434e+01
 6.34427047e+01 4.49320116e+01
 5.28283957e+01 4.41044204e+01
 4.85510453e+01 4.51973635e+01
 6.83594992e+01 4.58214841e+01
 9.57944189e+01 6.45046369e+01
 5.28583288e+01 4.89983760e+01
 5.83305485e+01 4.66020175e+01
 1.35279534e+01 2.56829797e+01
 4.60828736e+01 4.23431139e+01
 4.93143306e+01 4.73663065e+01
 6.96054560e+01 4.71942926e+01
 4.40223270e+01 4.88897287e+01
 3.09852309e+01 4.24053383e+01
 7.00148042e+01 4.49729849e+01
 6.38115359e+01 4.59456842e+01
 8.24961997e+00 1.94160826e+01
 6.83129992e+01 4.95501805e+01
 5.41153639e+01 4.67408448e+01
 3.71574496e+01 4.74644859e+01
 4.60933148e+01 4.52606155e+01
 4.74668420e+01 4.78008150e+01
 6.57936552e+01 4.89893310e+01
 5.87944220e+01 4.96561474e+01
 5.84298545e+01 4.40596542e+01
 3.82988455e+01 4.63381627e+01
 5.10774047e+01 4.64512681e+01
 5.24713426e+01 4.34171485e+01
 8.74987135e+01 4.89442943e+01
 7.49524961e+01 4.92243077e+01
 5.56205234e+01 4.46877961e+01
 3.54972406e+01 4.37144124e+01
 7.61434094e+01 4.87262747e+01
 6.31300216e+01 4.48222053e+01
 3.79333664e+01 4.66576921e+01
 6.44273206e+01 4.26079837e+01
 5.50497413e+01 4.55400393e+01
 3.18224611e+01 4.10705548e+01
 4.51817713e+01 4.78715104e+01
 7.64889788e+01 4.51608589e+01
 2.74926096e+01 4.16253159e+01
 4.89702510e+01 4.38811710e+01
 5.27091231e+01 4.35631686e+01
 6.63797576e+01 4.19069276e+01
 6.43861621e+01 4.60100462e+01
 5.68544995e+01 4.28352257e+01
 2.94543408e+01 4.27987055e+01
 7.42397608e+01 4.61694828e+01
 3.56924745e+01 4.50449297e+01
 7.17245686e+01 4.64160268e+01
 7.38513667e+01 4.91448370e+01
 6.14628522e+01 4.43101636e+01
 3.14654970e+01 4.34423355e+01
 7.16556280e+01 5.15863233e+01
 6.97596834e+01 4.49374657e+01
 4.16677792e+01 4.84979430e+01
 8.27842742e+00 1.58669806e+01
 4.86318243e+01 4.51069990e+01
 8.07744715e+01 5.35998293e+01
 5.29988568e+01 4.57626693e+01
 5.47691505e+01 4.49474615e+01
 5.08307408e+01 4.76226374e+01
 4.18340115e+01 4.63220943e+01
 1.41461243e+01 3.22492419e+01
 4.93952158e+01 4.39384661e+01
 4.73796777e+01 4.48192072e+01
 5.39244299e+01 4.22727623e+01
 2.62200949e+01 3.79963332e+01
 7.40151362e+01 4.63833398e+01
 5.28565026e+01 4.60250109e+01
 9.03154053e+01 5.86004489e+01
 2.79654272e+01 3.84735455e+01
 5.88510307e+01 4.75974302e+01
 4.70935515e+01 4.66481985e+01
 5.21696471e+01 4.71717539e+01
 5.71059454e+01 4.77976010e+01
 5.43096028e+01 4.58861570e+01
 5.07921358e+01 4.42000346e+01
 6.94333934e+01 4.54640874e+01
 9.03160399e+01 5.35645464e+01
 7.93094790e+01 5.05345449e+01
 7.71538770e+01 4.99402285e+01
 3.32004872e+01 4.26585275e+01
 7.11845846e+01 4.72484883e+01
 5.26897611e+01 4.61462990e+01
 9.60042932e+01 6.29494447e+01
 4.62225861e+01 4.78448472e+01
 5.59549014e+01 4.55337928e+01
 7.43266738e+01 4.39330497e+01
 7.42856939e+01 4.63494280e+01
 5.66564635e+01 4.55714971e+01
 4.33286750e+01 4.69627793e+01
 7.59846136e+01 4.89786220e+01
 3.67787242e+01 4.14867720e+01
 3.23105519e+01 4.20572121e+01
 3.15259063e+01 4.44917636e+01
 7.11985521e+01 4.74111803e+01
 7.46931563e+01 4.88614151e+01
 7.34270101e+01 4.67675168e+01
 6.07977218e+01 4.74385734e+01
 4.74276442e+01 4.67064056e+01
 7.27941923e+01 4.55819748e+01
 4.46182260e+01 4.79326631e+01
 4.75126612e+01 4.77739426e+01
 6.01997868e+01 4.55100073e+01
 5.94545000e+01 4.36037142e+01
 5.32304152e+01 4.75025643e+01
 4.97131725e+01 4.47426880e+01
 8.49899961e+01 5.29077211e+01
 6.80297499e+01 4.72325838e+01
 9.14912915e+01 5.98408574e+01
 6.32671001e+01 4.81268630e+01
 7.24074331e+01 4.79116386e+01
 4.82899049e+01 5.05663992e+01
 6.71022083e+01 4.53199136e+01
 6.28920552e+01 4.41385754e+01
 5.97814736e+01 4.47016688e+01
 5.09504008e+01 4.88187494e+01
 4.05175741e+01 4.43113844e+01
 4.32092053e+01 4.78487552e+01
 6.25903905e+01 4.91230091e+01
 3.25704701e+01 4.18709431e+01
 4.73030315e+01 4.39810242e+01
 2.61518334e+01 3.78064968e+01
 6.45902306e+01 4.60755561e+01
 6.42479339e+01 4.71338663e+01
 4.45332489e+01 4.66891729e+01
 3.67579361e+01 4.39779887e+01
 5.59150003e+01 4.37904374e+01
 5.79884963e+01 4.56199438e+01
 7.15297684e+01 4.83333486e+01
 3.61801472e+01 4.47609210e+01
 5.19135618e+01 4.76670358e+01
 5.29202020e+01 4.59596801e+01
 8.26939597e+01 5.28916787e+01
 6.75133851e+01 4.50403577e+01
 6.92962675e+01 4.85859792e+01
 6.66724772e+01 4.75467242e+01
 3.34896306e+01 4.31248588e+01
 6.90572229e+01 4.55465862e+01
 4.56155213e+01 4.57723314e+01
 4.92404058e+01 4.92396638e+01
 5.91162288e+01 4.48100203e+01
 7.05005391e+01 4.72551971e+01
 4.98337746e+01 4.24701351e+01
 5.59543148e+01 4.82945883e+01
 5.26768632e+01 4.32619689e+01
 6.68600042e+01 4.57077571e+01
 4.91875240e+01 4.92211065e+01
 6.03747377e+01 4.76356000e+01
 3.54584623e+01 4.19751473e+01
 5.05385906e+01 4.64082173e+01
 7.41008318e+01 4.68996388e+01
 5.52489234e+01 4.56542192e+01
 4.14744339e+01 4.41953681e+01
 6.29118523e+01 4.80095034e+01
 4.31959184e+01 4.54576385e+01
 4.22451305e+01 4.30022363e+01
 5.10879571e+01 4.79319779e+01
 7.64455259e+01 4.90145325e+01
 7.63805016e+01 4.82746451e+01
 3.69639367e+01 4.47682505e+01
 5.42311181e+01 4.75210023e+01
 5.22804961e+01 4.45316164e+01
 5.26112434e+01 4.47322695e+01
 8.69042994e+01 5.21535188e+01
 4.77641541e+01 4.69626499e+01
 1.51135451e+01 2.80560535e+01
 7.04351151e+01 5.08327131e+01
 5.11768528e+01 4.70022211e+01
 5.36582470e+01 4.47640318e+01
 5.27731101e+01 4.33814775e+01
 5.87708317e+01 4.83206040e+01
 5.44041241e+01 4.91600919e+01
 5.19883762e+01 4.77934729e+01
 5.51967179e+01 4.12763859e+01
 7.76582912e+01 4.69530650e+01
 6.39224001e+01 4.45459572e+01
 3.65763412e+01 4.03911816e+01
 5.65243040e+01 4.74545295e+01
 4.29675347e+01 4.60677277e+01
 2.12655935e+01 3.43696677e+01
 3.23952101e+01 4.35691079e+01
 2.66370124e+01 3.87853013e+01
 4.32457597e+01 4.83909460e+01
 4.83520444e+01 4.87470922e+01
 4.26878618e+01 4.82415915e+01
 5.47512636e+01 4.40271733e+01
 4.04318345e+01 4.62615693e+01
 5.87954294e+01 4.47148254e+01
 3.71335801e+01 4.40184860e+01
 2.75170443e+01 3.75045203e+01
 9.89564785e+01 6.66767042e+01
 6.69709391e+01 4.55202742e+01
 5.60968755e+01 4.20422713e+01
 6.60859873e+01 4.53201074e+01
 6.50274818e+01 4.48721975e+01
 4.14527048e+01 4.31616571e+01
 5.71515507e+01 4.74510317e+01
 6.56219136e+01 4.73340000e+01
 3.29220835e+01 4.16113751e+01
 8.25192717e+01 5.23779542e+01
 3.85912521e+01 4.47750089e+01
 8.18678548e+01 5.18534971e+01
 2.79213283e+01 4.20301696e+01
 5.17686227e+01 4.68986610e+01
 5.78423087e+01 4.48904269e+01
 5.04713767e+01 4.98102693e+01
 3.64966292e+01 4.49709723e+01
 5.00806661e+01 4.59059082e+01
 5.61854353e+01 4.67773385e+01
 7.52943056e+01 4.79190928e+01
 4.69420045e+01 4.37325400e+01
 7.32270213e+01 4.83193032e+01
 2.60314473e+01 3.93125102e+01
 5.96551006e+01 4.53849666e+01
 8.02770315e+01 5.08194462e+01
 4.69690628e+01 4.56243935e+01
 7.45491366e+01 4.59690254e+01
 7.31042861e+01 5.02645214e+01
 3.60528246e+01 4.42364410e+01
 7.40526744e+01 4.97390893e+01
 5.04815209e+01 4.60885577e+01
 4.89430071e+01 4.41306974e+01
 5.61331879e+01 4.69810203e+01
 5.22761543e+01 4.55245910e+01
 4.87895179e+01 4.58599703e+01
 2.43178726e+01 3.95250817e+01
 4.00301307e+01 4.36363418e+01
 6.01476065e+01 4.59015665e+01
 4.37896157e+01 4.65429613e+01
 4.91086436e+01 4.59860684e+01
 7.20583350e+01 4.54243048e+01
 5.56675750e+01 4.33115981e+01
 4.41114232e+01 4.49684267e+01
 6.63099639e+01 4.46407537e+01
 5.60105992e+01 4.68024174e+01
 7.66234016e+01 5.03365385e+01
 6.66870750e+01 4.76554875e+01
 4.96403687e+01 4.64970649e+01
 2.88396574e+01 4.21971172e+01
 7.57901930e+01 4.77165043e+01
 1.07527482e+02 7.98542013e+01
 9.01166482e+01 5.48229998e+01
 3.79407467e+01 4.23754613e+01
 7.95595967e+01 5.10915544e+01
 3.49031811e+01 4.43522648e+01
 2.59853425e+01 3.88976246e+01
 9.35061978e+01 5.71637845e+01
 6.75126351e+01 4.51299853e+01
 6.04489244e+01 4.38922543e+01
 2.95519423e+01 4.25949221e+01
 3.99707271e+01 4.41053425e+01
 3.31238632e+01 4.40696255e+01
 4.90601162e+01 4.86376361e+01
 3.73843045e+01 4.41479701e+01
 8.09669135e+01 5.10458366e+01
 4.24847658e+01 4.64569575e+01
 5.52346258e+01 4.51833314e+01
 0.00000000e+00 0.00000000e+00
 7.32809652e+01 5.16984308e+01
 7.24209867e+01 5.04851780e+01
 4.88102007e+01 4.44812713e+01
 6.77678216e+01 4.55524102e+01
 3.67954315e+01 4.22501372e+01
 5.92557795e+01 4.62507677e+01
 1.06204598e+02 7.89982833e+01
 7.12605283e+01 4.60563833e+01
 6.25284742e+01 4.20755138e+01
 4.07805167e+01 4.50703628e+01
 4.34202377e+01 4.58467170e+01
 5.68866028e+01 4.92975035e+01
 4.41331821e+01 4.47821059e+01
 4.57048882e+01 4.55373218e+01
 5.44646179e+01 4.58212323e+01
 4.04167090e+01 4.82890901e+01
 4.34736125e+01 4.55064571e+01
 7.48332197e+01 4.78525229e+01
 7.96638213e+01 4.68973455e+01
 6.39393389e+01 4.70162860e+01
 8.61204374e+01 5.41185689e+01
 1.08785194e+00 6.77684702e+00
 7.74433493e+01 4.96530189e+01
 7.61988081e+01 4.85005772e+01
 4.75697947e+01 4.76557847e+01
 4.96399805e+01 4.47757999e+01
 5.83258984e+01 4.54162091e+01
 4.42502637e+01 4.38569789e+01
 5.97302981e+01 4.50369945e+01
 3.64832757e+01 4.37584137e+01
 7.22149440e+01 4.85486290e+01
 4.91289414e+01 4.54931415e+01
 3.09692144e+01 3.95080981e+01
 5.90131416e+01 4.60926606e+01
 4.06275882e+01 4.60476020e+01
 2.58475536e+01 4.08065957e+01
 2.69928934e+01 4.19427160e+01
 8.94236255e+01 5.47475887e+01
 6.90008585e+01 4.55636827e+01
 4.56546062e+01 4.62942083e+01
 4.29496490e+01 4.57434718e+01
 5.36096625e+01 4.66019560e+01
 2.04037155e+01 3.13805099e+01
 6.40287386e+01 4.66760960e+01
 5.92506855e+01 4.45029013e+01
 2.55514211e+01 4.07234492e+01
 6.12583807e+01 4.43425648e+01
 3.83670983e+01 4.16179278e+01
 6.80467046e+01 4.50977405e+01
 3.84037235e+01 4.51758092e+01
 4.86489423e+01 4.31356032e+01
 7.55595119e+01 4.53342100e+01
 4.74489922e+01 4.35778361e+01
 8.36449894e+01 5.24639036e+01
 5.53570528e+01 4.83783997e+01
 4.12808776e+01 4.53506756e+01
 2.87746996e+01 4.33708399e+01
 8.50529762e+01 5.05587465e+01
 6.94110984e+01 4.53341824e+01
 8.37948431e+01 5.22078947e+01
 6.08337269e+01 4.61116200e+01
 5.24076273e+01 4.87718291e+01
 7.27456912e+01 4.86458832e+01
 4.94066891e+01 4.88392916e+01
 5.65524001e+01 4.56165525e+01
 5.26746769e+01 4.40982594e+01
 6.30679777e+01 4.49415885e+01
 5.59271136e+01 4.26755335e+01
 3.41459482e+01 4.03083396e+01
 2.61312491e+01 4.02964208e+01
 5.16131236e+01 4.83707902e+01
 4.78484153e+01 4.77958468e+01
 5.13649361e+01 4.68054709e+01
 5.55829404e+01 4.33367941e+01
 5.64001194e+01 4.69546565e+01
 5.42167405e+01 4.71935955e+01
 5.59593183e+01 4.58040242e+01
 4.35469941e+01 4.67510879e+01
 4.29779428e+01 4.52033096e+01
 4.67477346e+01 4.25299979e+01
 7.16745508e+01 4.68599980e+01
 5.37094465e+01 4.86251936e+01
 6.75933917e+01 4.59675934e+01
 3.52002806e+01 4.35326577e+01
 5.83578750e+01 4.11993516e+01
 7.10821009e+01 4.82888869e+01
 6.04478994e+01 4.31054339e+01
 2.59292309e+01 3.68725128e+01
 2.65056518e+01 4.07274671e+01
 6.99712419e+01 5.00432626e+01
 4.26062431e+01 4.51379363e+01
 6.72491963e+01 4.63734587e+01
 4.68432916e+01 4.87025620e+01
 1.00318961e+02 6.79327630e+01
 9.51343790e+01 6.02731526e+01
 5.88313595e+01 4.76048564e+01
 5.31567683e+01 4.75062518e+01
 4.45284558e+01 4.85804598e+01
 7.28468037e+01 4.83192523e+01
 6.67040995e+01 4.48764626e+01
 3.85797749e+01 4.40404371e+01
 5.31798087e+01 4.64824552e+01
 5.83034600e+01 4.67556013e+01
 7.06335059e+01 4.54980520e+01
 4.57213839e+01 4.71219416e+01
 1.23692802e+01 2.55729262e+01
 5.23045626e+01 4.57632271e+01
 6.66540475e+01 4.64758917e+01
 6.71309110e+01 4.56016129e+01
 6.79573081e+01 4.76877571e+01
 6.12054176e+01 4.32278835e+01
 4.74163162e+01 4.97674000e+01
 3.14502326e+01 4.29144421e+01
 3.71875863e+01 4.37233319e+01
 7.18204120e+01 4.54952432e+01
 2.77347687e+01 3.90509768e+01
 1.02877364e+02 7.61800167e+01
 6.66899423e+01 4.63642136e+01
 5.51295795e+01 4.64370252e+01
 7.86274746e+01 5.11704516e+01
 2.69776706e+01 3.75917400e+01
 4.28992815e+01 4.94559056e+01
 2.69841357e+01 3.99616460e+01
 3.41925470e+01 4.41025292e+01
 2.83593108e+01 4.05186055e+01
 7.41670376e+01 4.98031629e+01
 6.39839618e+01 4.52494780e+01
 7.20314327e+01 4.86692222e+01
 6.53916178e+01 4.69435920e+01
 4.98972409e+01 4.55030571e+01
 7.00412942e+01 4.37899560e+01
 4.49959029e+01 4.51696237e+01
 7.53947541e+01 4.76976263e+01
 6.72264603e+01 4.50449560e+01
 5.13588783e+01 4.60349345e+01
 5.29215664e+01 4.60868053e+01
 3.74339335e+01 4.74716494e+01
 6.16064103e+01 4.55936554e+01
 8.03488207e+01 4.64837065e+01
 6.20917003e+01 4.14777204e+01
 5.24249635e+01 4.60870503e+01
 9.61657082e+01 6.28380770e+01
 4.33373741e+01 4.60131132e+01
 3.69155010e+01 4.10879390e+01
 6.39830057e+01 4.67273105e+01
 4.56682945e+01 4.41648142e+01
 6.27992601e+01 4.42415973e+01
 5.54772313e+01 4.49761508e+01
 5.97472957e+01 4.52926912e+01
 2.85564348e+01 4.37458576e+01
 8.15159074e+01 5.03265447e+01
 1.22464633e+01 2.54516085e+01
 6.22991741e+01 4.74259750e+01
 3.28137230e+01 4.26374013e+01
 2.67118829e+01 4.03640398e+01
 3.83104390e+01 4.49593730e+01
 6.08282438e+01 4.65870271e+01
 4.54487938e+01 4.64917229e+01
 1.96312714e+01 3.75397748e+01
 3.45548086e+01 3.96789186e+01
 7.10487437e+01 4.72367533e+01
 5.14031873e+01 4.83360220e+01
 3.98595039e+01 4.73415934e+01
 4.03345581e+01 4.61797312e+01
 6.12379525e+01 4.56853450e+01
 6.01027603e+01 4.66379812e+01
 5.52767190e+01 4.61403814e+01
 3.58825396e+01 4.52497201e+01
 4.30192471e+01 4.47589593e+01
 6.78193743e+01 4.40296554e+01
 4.40696952e+01 4.61108652e+01
 6.25351115e+01 4.96741056e+01
 4.49662454e+01 4.55749271e+01
 1.00767805e+02 6.73870676e+01
 5.97454220e+01 4.35989519e+01
 6.52423184e+01 4.66532123e+01
 6.89642820e+01 4.44398263e+01
 6.80509999e+01 4.66203555e+01
 3.74752393e+01 4.32593305e+01
 5.63048933e+01 4.75496873e+01
 3.07694970e+01 4.13376244e+01
 4.80734512e+01 4.58968273e+01
 2.59731361e+00 1.02046910e+01
 6.03342245e+01 4.91785493e+01
 6.11169806e+01 4.56890698e+01
 5.72619172e+01 4.41019658e+01
 5.27128221e+01 4.71097369e+01
 2.64703911e+01 3.83472011e+01
 3.86430956e+01 4.25934466e+01
 6.59657385e+01 4.46342184e+01
 3.97499970e+01 4.47576044e+01
 9.84308280e+01 6.40504539e+01
 4.88189484e+01 4.77968620e+01
 6.28430081e+01 4.61505278e+01
 6.06530374e+01 4.75348424e+01
 5.74118159e+01 4.66703655e+01
 5.42036436e+01 4.64946903e+01
 5.57665930e+01 4.75864248e+01
 5.52172876e+01 4.43195552e+01
 7.74116083e+01 4.94360080e+01
 6.67176875e+01 4.54752653e+01
 7.63206924e+01 4.60964123e+01
 6.10813250e+01 4.41842796e+01
 3.60256587e+01 4.27825616e+01
 8.24725208e+01 4.95789756e+01
 6.30929109e+01 4.85924810e+01
 5.10508001e+01 4.73758328e+01
 7.59437857e+01 4.64308628e+01
 7.55579185e+01 4.90569090e+01
 5.99670381e+01 4.52393013e+01
 2.91223068e+01 4.45283665e+01
 7.97869594e+01 5.00615247e+01
 6.37633510e+01 4.83790488e+01
 2.38164369e+01 4.03094895e+01
 5.99055913e+01 4.95872957e+01
 6.45854790e+01 4.59452727e+01
 8.80656133e+01 5.26742008e+01
 2.54110763e+01 3.94750069e+01
 8.16405088e+01 4.97549178e+01
 4.08604872e+01 4.95211366e+01
 5.19660619e+01 4.30304034e+01
 8.95702300e+01 5.43117015e+01
 1.84131146e+01 3.29551997e+01
 3.73893647e+01 4.80641321e+01
 5.59761874e+01 4.53610476e+01
 5.91758527e+01 4.36641512e+01
 3.67760235e+01 4.25194929e+01
 5.04270904e+01 4.58796154e+01
 4.57146709e+01 4.72652301e+01
 6.58503162e+01 4.59506579e+01
 5.41416027e+01 4.48233511e+01
 4.50571159e+01 4.49017795e+01
 6.56923070e+01 4.71094604e+01
 6.18015130e+01 4.68689062e+01
 4.20993213e+01 4.81751923e+01
 5.99362453e+01 4.68939930e+01
 3.05987899e+01 4.37957316e+01
 9.32142756e+01 5.72032566e+01
 5.40298480e+01 4.86481600e+01
 5.93172109e+01 4.75998071e+01
 6.12930969e+01 4.51827428e+01
 6.69325327e+01 4.54965065e+01
 7.36043556e+01 4.96987526e+01
 5.76135107e+01 4.30395212e+01
 4.97809118e+01 4.75597035e+01
 5.28693954e+01 4.91004381e+01
 5.16458525e+01 4.50091326e+01
 6.84616060e+01 4.62121198e+01
 8.30708078e+01 4.86860017e+01
 5.80198658e+01 4.63079231e+01
 5.65309620e+01 4.74706944e+01
 7.09938992e+01 4.89135919e+01
 4.84929609e+01 4.75837191e+01
 8.96932294e+01 5.32472878e+01
 6.28641567e+01 4.47691944e+01
 5.31249541e+01 4.94465471e+01
 4.79334319e+01 4.61678797e+01
 6.55979521e+01 4.62905872e+01
 4.26706464e+00 1.35095577e+01
 5.88895841e+01 4.62307797e+01
 4.50282234e+01 4.66564613e+01
 6.66859878e+01 4.46182637e+01
 6.87714792e+01 4.53290989e+01
 7.60475275e+01 4.92515028e+01
 5.07201559e+01 4.95027581e+01
 5.81012439e+01 4.69569420e+01
 5.46314300e+01 4.78664775e+01
 6.59721948e+01 4.63378280e+01
 4.42386403e+01 4.73001510e+01
 6.99383121e+01 4.86941879e+01
 5.90590395e+01 4.14852746e+01
 5.84997322e+01 4.70370599e+01
 3.59386066e+01 4.24846941e+01
 4.18747773e+01 4.70998274e+01
 7.88088605e+01 5.11258699e+01
 5.06346397e+01 5.06987571e+01
 4.82580744e+01 4.57278528e+01
 7.01955318e+01 4.81778592e+01
 7.49354764e+01 4.64760714e+01
 1.28351964e+01 2.93235184e+01
 6.63003379e+01 4.45150285e+01
 6.09393272e+01 4.69311147e+01
 3.25494751e+01 4.46356913e+01
 3.76703714e+01 4.44387958e+01
 7.80288327e+01 4.48900505e+01
 4.81683448e+01 4.61143727e+01
 3.82150252e+01 4.54427897e+01
 8.38450166e+01 5.33557502e+01
 4.32705374e+01 4.67419529e+01
 5.93635704e+01 4.48338724e+01
 6.11160357e+01 4.74919505e+01
 6.12224053e+01 4.30635461e+01
 5.85749482e+01 4.88872127e+01
 6.98210603e+01 4.44942910e+01
 7.65848830e+01 4.70297236e+01
 5.77419827e+01 4.87369592e+01
 3.97467069e+01 4.69808395e+01
 8.23217653e+01 5.17649744e+01
 7.30743424e+01 4.78778327e+01
 5.53168878e+01 4.84138790e+01
 6.50792453e+01 4.62195382e+01
 7.24251036e+01 4.84603997e+01
 4.67462771e+01 4.83957121e+01
 4.08053493e+01 4.89826668e+01
 3.20846539e+01 4.50127776e+01
 6.47576060e+01 4.36695091e+01
 5.59449333e+01 4.48693291e+01
 5.92096821e+01 4.53275096e+01
 3.16070870e+01 4.11551450e+01
 6.55509726e+01 4.63139184e+01
 5.72556719e+01 4.50526949e+01
 7.38809851e+01 4.87863700e+01
 7.51110637e+01 4.50659373e+01
 4.83401495e+01 4.73679753e+01
 6.65756539e+01 4.57518380e+01
 6.45872431e+01 4.60021088e+01
 4.61389547e+01 4.44837717e+01
 5.37895649e+01 4.70637925e+01
 7.94195082e+01 4.73099852e+01
 7.94468507e+01 5.22865341e+01
 4.72767089e+01 4.56594336e+01
 2.34071778e+01 3.59482483e+01
 3.58788604e+01 4.51594423e+01
 9.10513548e+01 5.50314099e+01
 5.57486436e+01 4.56671309e+01
 5.43317282e+01 4.51520772e+01
 7.21401031e+01 4.75551486e+01
 9.27476819e+01 6.18134883e+01
 6.77170667e+01 4.62950318e+01
 5.17634614e+01 4.80328260e+01
 2.92254363e+01 4.03638427e+01
 6.46874849e+01 4.56720211e+01
 6.84605575e+01 4.66861538e+01
 7.29515557e+01 4.89720330e+01
 5.47089480e+01 4.52170699e+01
 6.41304128e+01 4.52528787e+01
 3.81857151e+01 4.42811385e+01
 7.25233778e+01 4.56751508e+01
 6.73329998e+01 4.89392213e+01
 3.24622548e+01 4.22865690e+01
 4.49183139e+01 4.65106433e+01
 3.52017652e+01 4.61564524e+01
 6.51781866e+01 4.86211589e+01
 5.99687296e+01 4.65393451e+01
 7.61771102e+01 4.83618119e+01
 1.88088314e+01 3.38559038e+01
 5.57638772e+01 4.20738701e+01
 7.69336882e+01 4.67013562e+01
 7.79266307e+01 4.96300132e+01
 3.89877310e+01 4.38451907e+01
 6.99877652e+01 4.90521533e+01
 5.89713913e+01 4.25560168e+01
 2.98228535e+01 4.27312008e+01
 7.88219632e+01 4.89857707e+01
 3.21467441e+01 4.39407634e+01
 5.00257759e+01 4.78607816e+01
 5.21596249e+01 4.75996502e+01
 4.57537216e+01 4.66594739e+01
 4.24876567e+01 4.68589369e+01
 5.03747778e+01 4.84870497e+01
 5.48466231e+01 4.56381547e+01
 6.63665344e+01 4.81845918e+01
 4.08734270e+01 4.64084407e+01
 5.97262256e+01 4.73143955e+01
 6.74255985e+01 4.79002070e+01
 5.14279067e+01 4.57237694e+01
 5.15001408e+01 4.64285232e+01
 7.89798334e+01 4.87398902e+01
 4.20333674e+01 4.40800227e+01
 6.81028886e+01 4.43439814e+01
 3.41134300e+01 4.27834285e+01
 7.77698096e+01 4.86857030e+01
 8.12371268e+01 5.15827110e+01
 4.78779106e+01 4.80871639e+01
 6.90773639e+01 4.22285482e+01
