 3.80910115e+00 4.18815412e+00
 4.26828241e+00 2.51139035e+00
 3.45688164e+00 3.03978370e+00
 4.57956298e+00 4.44163528e+00
 4.25821868e+00 3.32758642e+00
 4.37100277e+00 2.27645336e+00
 4.38359368e+00 2.02242457e+00
 3.86823931e+00 3.69013646e+00
 4.33561255e+00 2.21296403e+00
 6.53203171e+00 2.80306651e+00
 3.78358066e+00 5.06920067e+00
 3.42841765e+00 3.72375016e+00
 4.25019805e+00 3.72243178e+00
 3.41377285e+00 2.83515668e+00
 4.38865272e+00 4.81879768e+00
 4.97240394e+00 3.19103703e+00
 4.38491869e+00 3.74556326e+00
 5.29476819e+00 2.47483125e+00
 3.97128217e+00 4.07023503e+00
 4.38676377e+00 4.29109742e+00
 3.62584234e+00 3.67299672e+00
 3.95262202e+00 3.98624600e+00
 5.31850338e+00 3.63848998e+00
 4.68463471e+00 2.31451282e+00
 6.07335298e+00 5.07968467e+00
 4.54797271e+00 2.73537206e+00
 3.98559524e+00 4.29572435e+00
 5.51615357e+00 3.54518069e+00
 3.44202634e+00 2.78821025e+00
 4.29550025e+00 2.32979585e+00
 4.58708208e+00 3.54298900e+00
 4.80084788e+00 2.52633695e+00
 4.96370293e+00 4.08036374e+00
 4.01782381e+00 3.59891817e+00
 3.60298854e+00 4.49117721e+00
 3.57618103e+00 1.63437575e+00
 4.41392729e+00 4.47003398e+00
 4.09858745e+00 2.30600613e+00
 4.11593658e+00 4.02344809e+00
 3.91180518e+00 2.47069122e+00
 5.35727344e+00 3.55253000e+00
 4.07692234e+00 3.10688723e+00
 4.41217583e+00 4.67319699e+00
 3.18732579e+00 4.05404551e+00
 3.65387808e+00 4.37213070e+00
 4.70134138e+00 4.25094573e+00
 3.65185666e+00 2.77368949e+00
 4.27475061e+00 3.49732668e+00
 4.29018417e+00 2.74807271e+00
 4.59037528e+00 3.38867958e+00
 4.17650836e+00 3.16963795e+00
 5.46532589e+00 4.57648639e+00
 3.86425900e+00 4.65233734e+00
 3.83772770e+00 2.46279001e+00
 6.58494875e+00 3.09338949e+00
 4.67759351e+00 2.96630686e+00
 4.19711333e+00 3.82917743e+00
 4.00176957e+00 4.21854183e+00
 5.21071414e+00 4.07552233e+00
 5.26086183e+00 3.89392890e+00
 4.83277669e+00 2.55011975e+00
 3.04797326e+00 4.29099343e+00
 3.57959385e+00 4.56950121e+00
 2.97299687e+00 4.24995448e+00
 3.62119404e+00 3.22834374e+00
 4.35415734e+00 2.16223925e+00
 4.30571543e+00 3.14390330e+00
 4.84906765e+00 4.12021078e+00
 3.75672963e+00 4.10493223e+00
 5.13134651e+00 2.28266238e+00
 3.62763113e+00 3.19582944e+00
 4.67343131e+00 3.75604577e+00
 3.56426286e+00 3.95221518e+00
 3.71364325e+00 4.03715537e+00
 4.05927872e+00 2.18904710e+00
 3.76015814e+00 2.72008410e+00
 2.94910756e+00 3.75781695e+00
 4.81065706e+00 2.48611016e+00
 5.21941477e+00 3.11330361e+00
 3.99783799e+00 2.31583428e+00
 2.64556008e+00 2.60751171e+00
 3.16038211e+00 2.85510770e+00
 2.64075617e+00 5.29605615e+00
 3.82140161e+00 3.05735616e+00
 3.63751933e+00 3.98970269e+00
 5.08620587e+00 2.52348938e+00
 5.00561153e+00 1.91989940e+00
 4.25608717e+00 3.79906336e+00
 3.63904702e+00 2.51418355e+00
 4.15289030e+00 2.96586899e+00
 5.05065170e+00 3.30220445e+00
 5.10915857e+00 3.14269353e+00
 4.08103265e+00 3.94332266e+00
 3.43553857e+00 2.93564902e+00
 4.90116638e+00 3.22384263e+00
 5.00380190e+00 2.84903671e+00
 3.86601271e+00 3.60873077e+00
 5.69411833e+00 3.32214319e+00
 4.61241059e+00 3.96080400e+00
 3.85709201e+00 2.92679863e+00
