 3.30610142e+00 2.18610385e+00
 2.79441599e+00 1.01553381e+00
 3.50239456e+00 2.50727568e+00
 2.81489808e+00 1.80977274e+00
 3.43817197e+00 2.97389077e+00
 2.64002590e+00 2.12104250e+00
 3.25846292e+00 2.62086341e+00
 2.82452300e+00 1.95947704e+00
 3.39316759e+00 2.39478628e+00
 1.91663457e+00 2.43556614e+00
 3.21443026e+00 2.53375300e+00
 2.96634327e+00 2.43797864e+00
 3.71611985e+00 1.65367118e+00
 2.65639881e+00 1.57164101e+00
 2.81411888e+00 1.45721360e+00
 2.56301455e+00 1.73486122e+00
 3.39121695e+00 2.64012662e+00
 3.21049601e+00 1.89926010e+00
 3.27667238e+00 2.68283276e+00
 3.12804268e+00 2.83731231e+00
 2.25755193e+00 1.32525523e+00
 2.52514050e+00 2.16222169e+00
 3.24091379e+00 2.50216690e+00
 2.78452818e+00 2.33426513e+00
 2.59692628e+00 3.68267081e+00
 2.33825361e+00 1.66473565e+00
 2.90521302e+00 2.66373401e+00
 3.17553870e+00 2.94102916e+00
 2.74859826e+00 2.97986820e+00
 3.29349904e+00 1.65866304e+00
 3.83257379e+00 2.08416128e+00
 4.17648022e+00 2.40859920e+00
 3.32896521e+00 2.33091889e+00
 2.89257605e+00 2.02261596e+00
 2.35871831e+00 2.62425452e+00
 3.06994434e+00 2.86825986e+00
 2.62852130e+00 2.21169485e+00
 2.78827634e+00 2.42408610e+00
 2.29575778e+00 1.62766911e+00
 2.87065922e+00 1.93651263e+00
 3.53907195e+00 1.80354641e+00
 3.39544760e+00 1.86492435e+00
 2.48727090e+00 2.31560398e+00
 3.77335947e+00 2.66114172e+00
 3.04768843e+00 2.15797022e+00
 3.55410992e+00 1.78060673e+00
 3.98284525e+00 1.49417460e+00
 3.55631755e+00 2.08750677e+00
 3.13408900e+00 2.32732334e+00
 3.19634378e+00 3.53576328e+00
 2.76382500e+00 1.36578408e+00
 2.92850866e+00 2.61829679e+00
 2.45606135e+00 2.04433878e+00
 3.37844680e+00 2.32726837e+00
 3.25141782e+00 1.78880269e+00
 3.40953227e+00 2.50969291e+00
 3.33567583e+00 1.70985815e+00
 2.95457914e+00 2.01141523e+00
 2.92858743e+00 2.61849395e+00
 3.50058290e+00 1.94569257e+00
 3.11377721e+00 1.18718954e+00
 3.06628757e+00 2.64156081e+00
 2.77254785e+00 2.31872031e+00
 2.75195967e+00 1.03446292e+00
 3.47298798e+00 1.97334193e+00
 4.24174357e+00 1.75353053e+00
 3.08146579e+00 1.92361915e+00
 2.91460302e+00 1.84137915e+00
 2.65892055e+00 2.30616727e+00
 3.71763378e+00 2.21522304e+00
 2.66594530e+00 1.90211334e+00
 3.50052006e+00 3.09747043e+00
 2.65744897e+00 1.86632454e+00
 3.29188650e+00 1.49372128e+00
 2.86306772e+00 3.06701195e+00
 3.26008433e+00 2.53569658e+00
 4.33874499e+00 2.15552138e+00
 3.78726183e+00 1.88107387e+00
 2.89234634e+00 2.28499956e+00
 2.58819491e+00 2.07324853e+00
 3.28387497e+00 2.36849125e+00
 3.71105860e+00 1.16237662e+00
 3.17216368e+00 3.07425400e+00
 2.74690659e+00 1.75771927e+00
 3.04377178e+00 2.60232771e+00
 3.68674329e+00 2.05767171e+00
 2.30334133e+00 2.00949426e+00
 2.78451414e+00 1.59709614e+00
 3.71350482e+00 1.45811612e+00
 2.76745537e+00 1.75971060e+00
 1.84632313e+00 2.23126306e+00
 3.15226226e+00 2.34511268e+00
 3.23089252e+00 2.87394038e+00
 2.13591188e+00 1.79705310e+00
 3.52813557e+00 1.93758861e+00
 3.01415796e+00 1.64826499e+00
 3.16342570e+00 1.23031474e+00
 2.81521813e+00 1.85437322e+00
 2.75438106e+00 1.94529452e+00
 2.59369524e+00 2.03132217e+00
