 1.74979905e+01 3.11084221e+00
 4.49569482e+01 4.23701361e+00
 3.29352822e+01 1.26914754e+00
 3.32038935e+01 2.09023476e+00
 2.49959694e+01 2.54819899e+00
 4.37132610e+01 3.26527526e+00
 2.56680791e+01 3.66355238e+00
 4.19955423e+01 2.74916961e+00
 1.84042875e+01 4.20328612e+00
 3.33640501e+01 2.51640493e+00
 3.79806934e+01 1.49349497e+00
 3.81486943e+01 2.02360647e+00
 3.44540981e+01 1.44367476e+00
 3.24313148e+01 2.91190478e+00
 4.95766289e+01 4.92223409e+00
 3.18496061e+01 1.76228365e+00
 2.82684858e+01 1.54040736e+00
 4.55085561e+01 4.27122673e+00
 3.84019886e+01 1.89585620e+00
 3.16001741e+01 1.77599583e+00
 3.22186242e+01 2.51219474e+00
 3.18024850e+01 2.02426177e+00
 3.94585221e+01 3.26940141e+00
 3.33999432e+01 1.21955951e+00
 2.11217595e+01 1.96740267e+00
 3.67000255e+01 8.38280103e-01
 1.66050354e+01 3.87779515e+00
 2.32835214e+01 1.76476105e+00
 7.64046450e+00 6.02406144e+00
 3.36654641e+01 3.12336618e+00
 3.67493665e+01 1.91259134e+00
 2.05479644e+01 2.99354219e+00
 3.33727684e+01 1.70838826e+00
 1.15159428e+01 7.42882101e+00
 1.92536844e+01 2.83616434e+00
 2.37963609e+01 2.71868208e+00
 3.21505972e+01 2.42968718e+00
 3.64943239e+01 2.17221249e+00
 3.71486880e+01 1.34812128e+00
 3.69405853e+01 4.07265760e+00
 5.02471771e+01 5.92307559e+00
 2.36979058e+01 3.04074624e+00
 4.69513763e+01 3.42439560e+00
 3.41182989e+01 3.33661757e+00
 2.32554716e+01 4.08447414e+00
 3.78257285e+01 2.21162833e+00
 2.00318997e+01 2.45287482e+00
 3.32237851e+01 2.14646837e+00
 1.86956292e+01 3.98781155e+00
 3.13996712e+01 1.59935815e+00
 3.11641290e+01 1.42037128e+00
 1.51346309e+01 4.85735118e+00
 2.30283011e+01 4.00724160e+00
 2.89876551e+01 1.77342692e+00
 1.96854272e+01 3.24185237e+00
 3.20839941e+01 3.10044608e+00
 2.69665140e+01 1.58174006e+00
 3.22870208e+01 1.39316364e+00
 4.23372593e+01 3.71423263e+00
 3.23492867e+01 1.13618349e+00
 1.93958619e+01 3.26495435e+00
 3.21481872e+01 2.30218284e+00
 3.04549937e+01 1.78857160e+00
 1.98152158e+01 3.64429626e+00
 2.62179306e+01 3.78098900e+00
 2.64718548e+01 2.89842658e+00
 1.67316122e+01 3.77703593e+00
 2.88666312e+01 5.88341114e-01
 2.94843654e+01 1.93382679e+00
 3.24715380e+01 1.76950399e+00
 3.12621001e+01 1.40720446e+00
 2.90038538e+01 2.02850036e+00
 3.79193937e+01 2.27439517e+00
 3.11160292e+01 3.97174113e+00
 3.07405763e+01 2.29621011e+00
 3.05025956e+01 2.97708498e+00
 3.08057838e+01 2.22982537e+00
 3.71683396e+01 2.01157442e+00
 1.71613900e+01 4.44045255e+00
 3.89070315e+01 2.18992899e+00
 3.81442084e+01 2.76094743e+00
 2.21229951e+01 2.92324374e+00
 1.90421322e+01 3.59881678e+00
 3.29877570e+01 2.11748167e+00
 3.98518400e+01 2.01839765e+00
 4.28456323e+01 2.94513346e+00
 5.29510990e+01 7.78112198e+00
 2.80193039e+01 3.23921664e+00
 3.56923012e+01 1.05087769e+00
 1.84392376e+01 2.62035311e+00
 4.71289086e+01 4.21073859e+00
 2.44713137e+01 2.36644575e+00
 3.04258780e+01 1.00685567e+00
 2.99744344e+01 2.11004874e+00
 3.95866383e+01 1.10149287e+00
 5.30894583e+01 7.26965331e+00
 2.94430909e+01 1.62209760e+00
 3.00853898e+01 1.83982975e+00
 3.39320543e+01 1.03068872e+00
 3.55384812e+01 1.99202285e+00
 3.78358480e+01 2.11086375e+00
 2.24551098e+01 3.42589186e+00
 1.79100548e+01 3.11147399e+00
 2.88814611e+01 2.54051905e+00
 3.71305267e+01 1.99198918e+00
 2.00388298e+01 2.85424829e+00
 4.59554951e+01 3.94984141e+00
 2.56099424e+01 2.78001985e+00
 4.32008932e+01 3.55103547e+00
 3.56531436e+01 2.27127054e+00
 3.01442359e+01 2.22488502e+00
 4.65306527e+01 5.23375496e+00
 3.14549549e+01 1.28827927e+00
 4.06111627e+01 1.62946364e+00
 3.12742495e+01 1.80759577e+00
 4.43198199e+01 4.20175667e+00
 3.03659250e+01 6.77160985e-01
 3.85513434e+01 2.86566120e+00
 3.22449457e+01 2.43376350e+00
 3.45897160e+01 2.14663302e+00
 4.04745731e+01 2.83247725e+00
 2.80320221e+01 1.32900752e+00
 3.50614904e+01 3.43548375e+00
 1.78071057e+01 2.91265992e+00
 1.71923271e+01 4.07911443e+00
 4.52640517e+01 4.37717838e+00
 2.91476891e+01 3.04656803e+00
 4.08679968e+01 2.59628994e+00
 2.89606730e+01 4.58527734e-01
 3.16955816e+01 3.26143177e+00
 1.66869580e+01 4.58615910e+00
 3.22743691e+01 1.59207017e+00
 3.80484329e+01 2.92465001e+00
 2.89867994e+01 2.41724861e+00
 2.44755759e+01 1.39151765e+00
 2.15321067e+01 1.86397470e+00
 3.42248315e+01 3.29914824e+00
 2.84389218e+01 2.07670970e+00
 3.86159091e+01 3.86971490e+00
 2.06356117e+01 2.76662089e+00
 7.04190119e+00 7.69765298e+00
 2.90939945e+01 3.10463136e+00
 1.85621717e+01 3.22254811e+00
 3.22731660e+01 2.07684098e+00
 2.62655055e+01 1.69900470e+00
 4.55549949e+01 6.03349345e+00
 3.36793922e+01 2.14374318e+00
 2.96747713e+01 7.75100129e-01
 3.92283957e+01 2.48913589e+00
 3.22392771e+01 2.78410242e+00
 3.88615902e+01 1.52059457e+00
 2.83465387e+01 1.82889753e+00
 2.19874983e+01 3.80773321e+00
 2.73206962e+01 7.51224408e-01
 3.08616491e+01 1.27993659e+00
 3.88252210e+01 1.76427609e+00
 2.50984599e+01 2.01496022e+00
 3.66232451e+01 1.44212509e+00
 3.61535459e+01 2.42705810e+00
 4.94501625e+01 4.83828040e+00
 3.08787808e+01 1.14308454e+00
 4.19468985e+01 2.77430532e+00
 1.29258771e+01 4.63177870e+00
 1.65599262e+01 3.29796496e+00
 2.40965427e+01 2.46417113e+00
 2.41903703e+01 4.33180321e+00
 5.17670612e+01 5.46152581e+00
 2.94917279e+01 1.23121033e+00
 2.80604091e+01 2.35426065e+00
 3.12501357e+01 1.96674080e+00
 3.51856188e+01 2.61376251e+00
 3.42231541e+01 2.40971568e+00
 2.18180575e+01 3.23120216e+00
 4.46673130e+01 3.48643936e+00
 2.93982805e+01 1.69916910e+00
 3.79738392e+01 2.21315431e+00
 3.12937570e+01 1.27679954e+00
 5.03789023e+01 7.16783631e+00
 4.39255571e+01 2.70751170e+00
 1.99687063e+01 4.40683166e+00
 2.73262178e+01 2.04311508e+00
 2.81659052e+01 2.91282838e+00
 2.33959150e+01 3.20483510e+00
 2.95155929e+01 2.47508588e+00
 4.41651040e+01 3.67405620e+00
 3.12577878e+01 2.16789095e+00
 3.61170116e+01 2.01007791e+00
 2.29572181e+01 2.66819592e+00
 3.53311059e+01 2.37177412e+00
 3.16655674e+01 1.27366660e+00
 2.54943295e+01 3.78782955e+00
 3.54406799e+01 1.69316974e+00
 4.06439789e+01 2.82285305e+00
 2.24929423e+01 2.23178766e+00
 4.57809494e+01 5.29846291e+00
 1.38157171e+01 5.29412876e+00
 3.33612704e+01 1.38316247e+00
 2.70428895e+01 2.51258057e+00
 1.84222407e+01 4.24266482e+00
 2.80929766e+01 1.91551022e+00
 3.35218454e+01 2.76649201e+00
 3.09317463e+01 1.71435019e+00
 3.86265079e+01 1.31315230e+00
 3.36589810e+01 2.76961348e+00
 1.77214996e+01 2.79529447e+00
 2.37568868e+01 1.73337785e+00
 1.99541477e+01 3.25287065e+00
 2.74104036e+01 2.73735900e+00
 4.86472270e+01 6.20918045e+00
 2.78710659e+01 2.32781866e+00
 3.98090278e+01 2.05698654e+00
 2.06396637e+01 3.12046154e+00
 1.04806393e+01 6.12379492e+00
 3.71171864e+01 2.79305359e+00
 3.48595935e+01 1.59155299e+00
 3.64544646e+01 3.22756369e+00
 2.93741719e+01 1.95125023e+00
 3.06024136e+01 1.15689132e+00
 4.38260813e+01 3.81942343e+00
 3.01997902e+01 7.90874435e-01
 2.47224835e+01 3.55014468e+00
 3.53702455e+01 1.41843826e+00
 2.92147200e+01 1.81791334e+00
 3.53711403e+01 1.12791105e+00
 2.59738747e+01 1.82304948e+00
 3.34028541e+01 6.46621897e-01
 2.63673993e+01 1.36082971e+00
 2.09390163e+01 2.46463166e+00
 1.99182610e+01 2.46445697e+00
 3.41817472e+01 2.84703358e+00
 2.97431187e+01 2.19151355e+00
 3.89999923e+01 2.46267725e+00
 1.63430271e+01 3.00782299e+00
 1.29267431e+01 4.61056014e+00
 3.86269083e+01 3.03552819e+00
 3.57681285e+01 2.16882511e+00
 1.12600263e+01 4.28110271e+00
 2.62125785e+01 1.98737074e+00
 3.38724481e+01 1.58364381e+00
 3.92414487e+01 2.50979630e+00
 4.12836818e+01 2.84027713e+00
 3.34548027e+01 1.80125650e+00
 2.63639425e+01 2.65656578e+00
 3.84682874e+01 1.78718698e+00
 3.55252132e+01 1.98480783e+00
 1.91606094e+01 3.01674992e+00
 3.02730100e+01 1.70014856e+00
 3.70333829e+01 3.16726509e+00
 2.02340141e+01 3.65424450e+00
 4.22350698e+01 3.26083681e+00
 3.77475193e+01 1.30482855e+00
 4.66123315e+01 3.71453350e+00
 4.58818252e+01 3.39965701e+00
 2.73257373e+01 2.38712883e+00
 2.76431023e+01 2.96942093e+00
 3.55723923e+01 1.74541718e+00
 3.49124750e+01 1.77074504e+00
 3.62388464e+01 1.57076258e+00
 2.55033190e+01 2.28825785e+00
 3.26548744e+01 1.07726789e+00
 2.39947793e+01 2.49849294e+00
 3.54932147e+01 3.03783793e+00
 2.56498661e+01 3.14905215e+00
 3.19461806e+01 1.94114415e+00
 1.79072646e+01 3.81192149e+00
 3.14595171e+01 2.81456575e+00
 2.50519548e+01 3.18296507e+00
 4.92522066e+01 5.80814812e+00
 2.17138265e+01 3.33753544e+00
 1.73040216e+01 3.28764667e+00
 4.90054328e+01 4.87713083e+00
 3.33782007e+01 1.65356246e+00
 3.12470761e+01 2.51564723e+00
 3.04342120e+01 2.50893099e+00
 4.27044003e+01 3.14980819e+00
 3.30654900e+01 1.69268080e+00
 1.77126562e+01 3.80503240e+00
 4.23107636e+01 3.60676384e+00
 3.08856295e+01 3.85074811e+00
 2.74384151e+01 2.09238854e+00
 3.62333089e+01 2.34430028e+00
 3.13518844e+01 7.21976452e-01
 3.78065049e+01 1.42710478e+00
 3.06550271e+01 2.23542145e+00
 3.62682558e+01 3.23894165e+00
 3.90675909e+01 2.84496665e+00
 3.54728151e+01 2.32849890e+00
 3.57631616e+01 2.49294012e+00
 3.67672977e+01 1.68522049e+00
 3.68721132e+01 7.38807546e-01
 3.48720768e+01 1.86688830e+00
 4.19797822e+01 3.58362322e+00
 3.37328300e+01 2.71560037e+00
 3.11777249e+01 1.92606788e+00
 3.01281320e+01 7.01549741e-01
 6.26010072e+00 8.40988720e+00
 4.04981328e+01 4.42650553e+00
 3.57185143e+01 1.75869195e+00
 3.09978412e+01 2.58613768e+00
 9.66915592e+00 7.16082909e+00
 3.50048656e+01 8.80453078e-01
 1.86944136e+01 2.20970217e+00
 3.31860906e+01 3.23577381e+00
 3.21326940e+01 4.74512835e-01
 3.32452678e+01 2.34286002e+00
 2.35756305e+01 1.55517921e+00
 4.33179700e+01 4.80037672e+00
 3.62136408e+01 2.29134665e+00
 2.44251549e+01 2.31735117e+00
 2.97407076e+01 2.23329793e+00
 3.92955405e+01 1.70756591e+00
 3.92093984e+01 3.78056198e+00
 1.81234667e+01 1.13093037e+00
 3.60363737e+01 1.14095242e+00
 4.32710689e+01 2.77031140e+00
 2.95171930e+01 1.10643975e+00
 4.37695770e+01 2.86345810e+00
 3.08306607e+01 2.46453897e+00
 4.16617586e+01 3.74326246e+00
 4.78782771e+01 3.96717886e+00
 4.01301182e+01 3.01790504e+00
 4.72547721e+01 5.35876669e+00
 3.20652488e+01 1.41044290e+00
 4.48898000e+01 3.29400289e+00
 4.26982347e+01 4.15123823e+00
 2.66852405e+01 1.89331502e+00
 3.60944436e+01 1.90491712e+00
 4.70330812e+01 4.16733204e+00
 3.96703828e+01 2.71292486e+00
 5.57196784e+01 8.47445134e+00
 3.34448341e+01 2.09983005e+00
 3.81205617e+01 2.11773328e+00
 8.25878320e+00 9.31958946e+00
 1.74341607e+01 2.67807933e+00
 3.22014692e+01 2.38702682e+00
 3.90353459e+01 2.46709324e+00
 4.23219611e+01 3.50396308e+00
 3.18645771e+01 1.15528011e+00
 2.87084362e+01 3.28875997e+00
 2.84887376e+01 1.82085526e+00
 2.57847433e+01 3.63002614e+00
 2.65212112e+01 2.17352898e+00
 3.31098604e+01 2.30050112e+00
 2.51411004e+01 2.54308540e+00
 4.85426961e+01 4.91284648e+00
 2.28625526e+01 2.90861333e+00
 2.30875771e+01 2.92211516e+00
 3.80093035e+01 2.96944699e+00
 1.78929842e+01 3.51248314e+00
 3.31030692e+01 1.78328269e+00
 3.47061525e+01 3.07386142e+00
 3.70096953e+01 1.40512671e+00
 2.23941440e+01 1.45111036e+00
 2.32914974e+01 3.08990072e+00
 4.58582726e+01 5.44320049e+00
 2.52408758e+01 2.48852822e+00
 2.76472537e+01 1.82615601e+00
 3.00626990e+01 1.36647854e+00
 4.03219123e+01 2.26184816e+00
 2.33693094e+01 2.53113453e+00
 2.10854219e+01 3.23616029e+00
 2.81682359e+01 2.05606988e+00
 4.00240068e+01 4.09990222e+00
 3.66865918e+01 1.86694459e+00
 1.68182789e+01 4.07657772e+00
 4.69213403e+01 5.22032499e+00
 3.33523764e+01 1.87079274e+00
 2.57340821e+01 1.84952816e+00
 1.88087955e+01 3.21924730e+00
 3.85442384e+01 1.52808355e+00
 2.43089235e+01 2.99781232e+00
 3.53286853e+01 1.06909115e+00
 2.45132299e+01 2.08332895e+00
 4.92640623e+01 4.74821662e+00
 1.57581972e+01 4.97204409e+00
 2.15163838e+01 2.60158429e+00
 2.56447398e+01 1.24581912e+00
 3.81840999e+01 3.48749355e+00
 4.67080053e+01 4.84800694e+00
 1.32122391e+01 5.15165039e+00
 2.26483881e+01 1.81301449e+00
 4.86149122e+01 4.94538632e+00
 4.14463652e+01 2.44702831e+00
 4.28926680e+01 4.14493915e+00
 2.28383682e+01 1.74480696e+00
 3.29927829e+01 2.69796043e+00
 1.79525775e+01 2.44966151e+00
 2.48150574e+01 9.77850386e-01
 3.23748696e+01 2.96708160e+00
 3.83438251e+01 2.54433379e+00
 2.49829656e+01 2.02574790e+00
 2.36241009e+01 1.11356020e+00
 3.19448790e+01 1.75156644e+00
 3.89272173e+01 1.85302716e+00
 3.13556487e+01 5.99681769e-01
 1.85300257e+01 3.10767643e+00
 2.66495789e+01 3.41698306e+00
 3.05464969e+01 1.35912934e+00
 3.48738958e+01 2.41539973e+00
 2.69268320e+01 2.76359497e+00
 3.18617488e+01 1.27395080e+00
 1.71204595e+01 3.04096861e+00
 2.87631805e+01 3.29993251e+00
 3.11070746e+01 2.46308112e+00
 2.14805952e+01 3.43196480e+00
 3.59024165e+01 3.84503449e+00
 4.04333305e+01 2.65361576e+00
 1.86857221e+01 2.21772670e+00
 4.41591322e+01 4.71693219e+00
 2.15992892e+01 2.14969466e+00
 3.42584861e+01 2.32672825e+00
 2.15366522e+01 3.53889618e+00
 2.93246211e+01 2.64904291e+00
 2.07968600e+01 3.23776719e+00
 3.57389162e+01 2.80460077e+00
 3.46357672e+01 3.65667916e+00
 3.00324539e+01 9.75778435e-01
 3.48151386e+01 2.07222328e+00
 2.55688973e+01 2.58416216e+00
 2.15810542e+01 2.77428234e+00
 4.29039655e+01 4.26323276e+00
 1.56791234e+01 4.82624546e+00
 2.09268267e+01 2.79737227e+00
 3.00078181e+01 1.28226318e+00
 3.50637197e+01 2.15227102e+00
 3.66703202e+01 2.25513197e+00
 1.36323801e+01 4.84169838e+00
 2.60994525e+01 2.93078055e+00
 2.58058248e+01 2.88780349e+00
 1.86218291e+01 3.25508325e+00
 3.81032334e+01 2.68868776e+00
 2.87729565e+01 3.41088712e+00
 4.43352810e+01 3.45943397e+00
 3.00008857e+01 1.81233720e+00
 2.80023473e+01 2.25304351e+00
 3.23539742e+01 6.18002424e-01
 3.03903507e+01 2.47949144e+00
 2.34393250e+01 2.39297413e+00
 1.12080903e+01 6.63393291e+00
 3.49599410e+01 2.23290707e+00
 2.38776834e+01 2.80129276e+00
 3.69797496e+01 2.65555068e+00
 6.09626783e+00 7.76664144e+00
 4.40007812e+01 3.44759455e+00
 3.15789482e+01 2.24497403e+00
 2.62867507e+01 1.19759745e+00
 3.73723106e+01 3.18958456e+00
 3.13670815e+01 3.76210408e+00
 2.29380345e+01 3.19210790e+00
 3.70793682e+01 1.91693401e+00
 4.24930558e+01 3.73532186e+00
 4.10585441e+01 3.66786163e+00
 3.20349421e+01 1.29893618e+00
 3.69954854e+01 3.31838138e+00
 2.45757394e+01 3.00738252e+00
 3.29486155e+01 1.91958202e+00
 2.60908008e+01 5.56632004e-01
 2.30992074e+01 2.60186642e+00
 2.88220771e+01 2.86151999e+00
 4.63945848e+01 4.37346309e+00
 6.17402031e+00 8.41472863e+00
 2.35138966e+01 2.58492421e+00
 3.01580026e+01 2.40823141e+00
 8.48784592e+00 5.95791963e+00
 3.49575289e+01 2.49937024e+00
 3.36923330e+01 1.50047706e+00
 3.44699557e+01 1.10761179e+00
 3.94395057e+01 1.84540105e+00
 2.69522441e+01 2.82069789e+00
 4.38104696e+01 3.50428068e+00
 2.06966615e+01 2.82866334e+00
 1.64314787e+01 2.73968733e+00
 3.64881317e+01 9.86320703e-01
 2.87811020e+01 2.18498717e+00
 2.90538698e+01 1.61788098e+00
 3.68990601e+01 2.23560814e+00
 4.50496029e+01 4.17235221e+00
 3.05133027e+01 1.59050105e+00
 3.73414231e+01 2.33955516e+00
 3.28836007e+01 1.67517773e+00
 3.43690739e+01 2.07706613e+00
 3.58642486e+01 2.87515732e+00
 1.90731569e+01 3.95149078e+00
 1.47141854e+01 3.86618468e+00
 2.69236884e+01 2.30979880e+00
 1.43047015e+01 5.02077937e+00
 2.68088644e+01 2.09838717e+00
 3.77034524e+01 2.43727794e+00
 3.17682487e+01 1.16640643e+00
 2.55390165e+01 2.44060027e+00
 3.40283526e+01 1.04675300e+00
 2.82351282e+01 1.89489460e+00
 2.93658669e+01 1.16327443e+00
 2.96028039e+01 2.45636796e+00
 2.92967845e+01 2.23917433e+00
 3.12902226e+01 1.51723349e+00
 3.36742597e+01 6.34657103e-01
 3.05961154e+01 2.01694751e+00
 3.08119121e+01 3.30814585e+00
 2.58405596e+01 2.69087650e+00
 3.74872316e+01 2.83381503e+00
 2.21031199e+01 2.78728796e+00
 2.55534065e+01 2.44265057e+00
 2.03245785e+01 3.77471953e+00
 3.21544887e+01 2.11710499e+00
 1.89201916e+01 3.14748489e+00
 4.23265634e+01 3.61912429e+00
 3.91716596e+01 2.49511848e+00
 4.03967777e+01 1.78530382e+00
 3.47802433e+01 3.30546719e+00
 2.08310433e+01 2.69041830e+00
 2.22495250e+01 2.01362095e+00
 2.45665672e+01 1.54607533e+00
 2.66799203e+01 3.71007200e+00
 2.75892799e+01 3.66983578e+00
 2.37620248e+01 3.84265678e+00
 2.91169718e+01 1.61114402e+00
 3.37010107e+01 1.28738769e+00
 2.40645323e+01 1.73340492e+00
 3.24195408e+01 2.25797469e+00
 2.02949630e+01 3.70309408e+00
 2.93469944e+01 7.65813317e-01
 3.67032751e+01 2.39368461e+00
 4.67519367e+01 3.60781089e+00
 3.37681201e+01 1.67082222e+00
 3.00238633e+01 2.08496760e+00
 2.52456390e+01 2.18235744e+00
 3.31745563e+01 2.09170698e+00
 2.73066791e+01 1.90917551e+00
 3.20054516e+01 1.75056397e+00
 2.92715030e+01 2.29661234e+00
 2.44248923e+01 2.55736647e+00
 2.77627738e+01 1.54060081e+00
 4.82132627e+01 6.08013266e+00
 3.47604392e+01 2.09260360e+00
 2.06670385e+01 3.65793181e+00
 3.71376255e+01 2.56211840e+00
 2.15818195e+01 1.62683588e+00
 3.66304941e+01 2.79222131e+00
 2.87676948e+01 2.02270079e+00
 4.51825754e+01 3.54218616e+00
 2.95502914e+01 1.60590352e+00
 3.17885710e+01 4.36641315e-01
 2.34578808e+01 2.04731578e+00
 2.43406307e+01 2.05119107e+00
 4.21629606e+01 1.25260427e+00
 1.83681934e+01 3.19429906e+00
 1.13136700e+01 4.70109314e+00
 1.13247271e+01 5.31600930e+00
 3.09360315e+01 3.28764580e+00
 3.09934561e+01 2.32934624e+00
 2.25018593e+01 1.30979278e+00
 2.52902894e+01 1.85260907e+00
 3.27940570e+01 2.67039510e+00
 2.13243864e+01 1.65554243e+00
 2.30465118e+01 3.57669704e+00
 2.26413507e+01 2.61556384e+00
 3.26360255e+01 2.15310307e+00
 4.67481551e+01 4.72609465e+00
 4.45495780e+01 4.15714357e+00
 1.47821131e+01 4.99389561e+00
 2.24138439e+01 3.26000493e+00
 3.19705054e+01 1.37237331e+00
 3.84091254e+01 2.98317290e+00
 3.23185017e+01 3.11934870e+00
 3.36310231e+01 2.13880653e+00
 2.44485813e+01 1.81977662e+00
 4.79317275e+01 4.76727878e+00
 3.83426356e+01 2.97951676e+00
 3.50796688e+01 1.91747633e+00
 3.95526017e+01 2.41789468e+00
 2.99552524e+01 3.44292112e+00
 2.08003947e+01 2.20519956e+00
 2.43147023e+01 2.70008651e+00
 2.47242849e+01 1.26437951e+00
 2.12345314e+01 1.80005080e+00
 1.34154386e+01 3.55950715e+00
 5.47404212e+01 9.17680743e+00
 4.37042279e+01 4.28202776e+00
 4.81384150e+01 5.35389323e+00
 3.50277370e+01 1.69793356e+00
 1.20715711e+01 5.36284725e+00
 3.25636702e+01 2.67068859e+00
 4.20886797e+01 2.37930040e+00
 2.84736559e+01 2.41556670e+00
 3.82665290e+01 3.30493155e+00
 3.45822513e+01 2.18613916e+00
 6.14874418e+00 7.69927801e+00
 2.11451771e+01 2.99110485e+00
 2.91860974e+01 6.36529678e-01
 2.34193063e+01 2.75449307e+00
 2.95443809e+01 1.64025639e+00
 2.13272588e+01 2.52066226e+00
 2.28327748e+01 3.19750508e+00
 3.48479096e+01 2.07497465e+00
 2.55746554e+01 2.34789227e+00
 3.16354061e+01 1.54981263e+00
 1.82712456e+01 3.50165394e+00
 3.43356772e+01 1.74268364e+00
 2.50169854e+01 1.64187203e+00
 3.40754779e+01 2.47678584e+00
 2.57278286e+01 2.02317243e+00
 1.22711815e+01 5.23260023e+00
 4.20166589e+01 3.68052957e+00
 3.00418622e+01 1.91212896e+00
 4.27843965e+01 2.93554915e+00
 2.89189556e+01 2.54146226e+00
 3.15070030e+01 1.82208313e+00
 4.29330936e+01 2.92708659e+00
 3.49389330e+01 1.85950008e+00
 2.46646085e+01 2.28985347e+00
 4.58521635e+01 4.03342775e+00
 1.21908584e+01 5.88498332e+00
 3.02013933e+01 1.63124481e+00
 4.36312836e+01 3.12795929e+00
 1.95062653e+01 1.52381091e+00
 2.20385716e+01 2.84031011e+00
 9.26196403e+00 6.30551668e+00
 3.21934982e+01 2.29513675e+00
 1.90720402e+01 2.90561614e+00
 2.25529097e+01 1.31490171e+00
 2.77848475e+01 1.88196936e+00
 3.19324114e+01 1.24851143e+00
 2.91116864e+01 3.06358345e+00
 2.94513853e+01 1.08301665e+00
 3.91705371e+01 3.49200385e+00
 2.57392527e+01 1.91791787e+00
 3.88558854e+01 2.04950003e+00
 3.87623505e+01 2.53092392e+00
 1.73748103e+01 3.32075181e+00
 2.36615058e+01 2.64741038e+00
 1.95214732e+01 2.40133970e+00
 2.89243876e+01 0.00000000e+00
 3.61803635e+01 3.67819255e+00
 5.00469927e+01 5.76129216e+00
 3.71551634e+01 3.03660681e+00
 2.26642676e+01 2.29817420e+00
 3.17561810e+01 2.29645260e+00
 2.23720896e+01 2.46984599e+00
 2.11798254e+01 2.06885637e+00
 4.50094385e+01 3.80400374e+00
 1.23382716e+01 6.66753549e+00
 2.90927179e+01 2.74998395e+00
 3.60414106e+01 2.59316829e+00
 1.70286448e+01 4.52555352e+00
 3.20650323e+01 1.33285277e+00
 2.80693834e+01 2.27409372e+00
 2.26661587e+01 1.71226006e+00
 2.70153508e+01 2.19328457e+00
 2.13371044e+01 4.01122191e+00
 2.24952601e+01 3.38500206e+00
 2.85267619e+01 1.18518338e+00
 3.13131001e+01 2.61914321e+00
 1.87805432e+01 2.73054085e+00
 4.05795133e+01 3.19616672e+00
 3.62195321e+01 9.45119455e-01
 2.64439816e+01 1.31121238e+00
 7.30110092e+00 6.26729332e+00
 2.67669270e+01 2.75038268e+00
 4.92562986e+01 4.12895177e+00
 3.84928423e+01 3.02192852e+00
 3.32943260e+01 1.46949096e+00
 1.59036078e+01 4.00152119e+00
 2.80799144e+01 1.71600459e+00
 2.44331780e+01 1.99853671e+00
 2.95381747e+01 2.33238385e+00
 4.02447704e+01 1.44144720e+00
 1.79580644e+01 3.54163905e+00
 3.60852338e+01 2.76279738e+00
 1.97387883e+01 3.36106163e+00
 2.74084545e+01 9.11642523e-01
 4.62835538e+01 4.66000376e+00
 3.56588939e+01 2.89499316e+00
 4.72061189e+01 4.32994840e+00
 3.94185843e+01 3.80213806e+00
 1.63775494e+01 3.26678975e+00
 3.18257860e+01 2.32138120e+00
 3.30216951e+01 2.48364627e+00
 2.36633552e+01 3.30407534e+00
 3.82172825e+01 3.43086766e+00
 3.67147233e+01 1.26247481e+00
 2.86239705e+01 1.34138981e+00
 3.35210252e+01 3.31175170e-01
 2.99844189e+01 1.00985107e+00
 3.63820669e+01 1.38900380e+00
 3.49851478e+01 1.30483241e+00
 3.31421839e+01 1.70819315e+00
 3.36973508e+01 2.74041551e+00
 2.43311508e+01 2.84490959e+00
 3.67990395e+01 2.49292947e+00
 2.12669634e+01 2.74787562e+00
 1.78320908e+01 3.22831717e+00
 2.93271067e+01 3.19649957e+00
 1.52929777e+01 4.07143374e+00
 2.64545325e+01 2.90758939e+00
 4.54523662e+01 3.03220076e+00
 2.41462618e+01 2.40539196e+00
 3.01784188e+01 1.97337745e+00
 9.26208893e+00 7.54455985e+00
 4.29509672e+01 2.10535679e+00
 2.18892561e+01 2.86783886e+00
 1.90842215e+01 3.50874651e+00
 2.31348255e+01 3.64667375e+00
 5.51464438e+01 7.01216409e+00
 3.96344086e+01 1.77408964e+00
 3.58981707e+01 2.42049512e+00
 3.65751101e+01 2.33434665e+00
 1.84019608e+01 3.28535781e+00
 4.21471999e+01 3.21289817e+00
 3.43407965e+00 8.60570387e+00
 3.91482895e+01 2.90581314e+00
 4.00097342e+01 2.67680528e+00
 3.68432128e+01 3.77576818e+00
 2.10405535e+01 2.08422168e+00
 3.20939793e+01 2.09204815e+00
 4.73610449e+01 3.79457594e+00
 3.05432206e+01 2.96759147e+00
 2.04900678e+01 4.25566872e+00
 3.03371853e+01 1.51745612e+00
 9.84215976e+00 5.48163322e+00
 3.09336002e+01 1.03981810e+00
 3.67958267e+01 1.90571370e+00
 2.83558504e+01 1.17018971e+00
 5.67070964e+01 9.12591253e+00
 2.88447829e+01 1.34529859e+00
 2.97277869e+01 2.01035771e+00
 3.10683704e+01 1.26871696e+00
 1.82038820e+01 3.56647148e+00
 1.88760574e+01 5.28973088e+00
 1.65498102e+01 5.31295923e+00
 3.80546989e+01 2.68640495e+00
 2.27375546e+01 3.97857243e+00
 3.67352488e+01 2.20835046e+00
 3.43759384e+01 2.38127198e+00
 1.98344115e+01 2.48123433e+00
 2.94655794e+01 1.88105107e+00
 1.84174031e+01 3.97243728e+00
 1.17569940e+01 5.70824427e+00
 2.72547032e+01 3.11963377e+00
 2.80282055e+01 2.05866456e+00
 3.45329576e+01 1.17813463e+00
 3.42212124e+01 2.47211441e+00
 2.20874112e+01 2.91916127e+00
 2.87885329e+01 2.22768647e+00
 3.92888276e+01 4.92767217e+00
 3.41434490e+01 1.93123913e+00
 2.90596711e+01 1.66667830e+00
 3.51864688e+01 1.92387094e+00
 2.51086049e+01 2.79112860e+00
 3.05318550e+01 2.82597579e+00
 2.06253473e+01 2.59718803e+00
 3.90060950e+01 2.24496113e+00
 1.86300662e+01 3.18428439e+00
 1.83523836e+01 3.26714752e+00
 2.61900022e+01 2.07638260e+00
 2.92954066e+01 2.61956537e+00
 4.28779025e+01 3.18568331e+00
 2.89000599e+01 1.91636606e+00
 3.61772782e+01 1.93078750e+00
 3.36606969e+01 2.79021524e+00
 1.57794337e+01 4.26660805e+00
 1.98328240e+01 2.66260528e+00
 3.02363487e+01 3.41634978e+00
 2.75428973e+01 1.15795463e+00
 2.90558973e+01 2.47164559e+00
 3.57222846e+01 2.11985329e+00
 2.53262331e+01 3.24740984e+00
 3.57949273e+01 2.75221070e+00
 2.56334240e+01 2.46386294e+00
 3.39507135e+01 2.16738985e+00
 2.02689381e+01 2.63364705e+00
 3.53770347e+01 2.35676688e+00
 4.12268869e+01 3.98997292e+00
 4.67692236e+01 3.88906578e+00
 5.04175059e+01 5.14334427e+00
 4.50149083e+01 3.82138523e+00
 2.82999166e+01 1.61429038e+00
 3.02438491e+01 1.77525085e+00
 4.45499075e+01 4.02586596e+00
 2.40061232e+01 2.82181711e+00
 3.26259885e+01 2.40183616e+00
 3.91614632e+01 2.30725262e+00
 2.49299058e+01 2.14145542e+00
 4.81944806e+01 5.51727864e+00
 3.60433476e+01 2.02002826e+00
 3.58172406e+01 1.84640254e+00
 2.83471505e+01 9.52142766e-01
 3.87319678e+01 2.08415239e+00
 3.49789985e+00 9.63260303e+00
 2.55067733e+01 2.01425796e+00
 3.66762560e+01 2.14271677e+00
 3.41108071e+01 3.26634028e+00
 4.42669067e+01 5.66354082e+00
 1.19366258e+01 5.89517389e+00
 2.41915713e+01 2.12028994e+00
 4.04731477e+01 3.29133270e+00
 1.33210487e+01 6.17068163e+00
 3.28323667e+01 2.19592357e+00
 1.98252142e+01 2.95291488e+00
 3.57944280e+01 1.29382883e+00
 3.18845393e+01 8.90966332e-01
 4.06889224e+01 2.97376252e+00
 4.89686780e+01 8.00992235e+00
 3.13357221e+01 6.65785444e-01
 3.51491959e+01 2.61255732e+00
 2.59004595e+01 1.66184456e+00
 4.18627727e+01 3.41205915e+00
 4.02191730e+01 3.86766483e+00
 4.23661845e+01 4.13554564e+00
 1.86863104e+01 4.30243151e+00
 2.43995373e+01 2.18031506e+00
 4.43271316e+01 4.58825894e+00
 2.06826284e+01 2.99641657e+00
 2.58017809e+01 1.71449153e+00
 4.87791200e+01 5.97587134e+00
 4.23469436e+01 3.01290229e+00
 3.30283408e+01 6.62687870e-01
 2.73480944e+01 6.87766984e-01
 3.48624151e+01 1.97071237e+00
 3.34390730e+01 1.12210011e+00
 3.12859281e+01 1.36423341e+00
 2.88184113e+01 2.18123440e+00
 4.29027141e+01 4.23978634e+00
 2.26111924e+01 2.02104000e+00
 2.46617271e+01 1.86348757e+00
 2.54781172e+01 1.80228868e+00
 3.10571368e+01 3.98804653e+00
 1.12894970e+01 6.87732240e+00
 2.88241924e+01 2.98347962e+00
 3.55068471e+01 2.56151097e+00
 2.65907230e+01 2.46722570e+00
 3.41102776e+01 1.46845967e+00
 5.21066542e+01 8.23599941e+00
 4.07151311e+01 2.41061180e+00
 3.36736628e+01 3.90728164e-01
 1.41251690e+01 4.16585916e+00
 3.18110793e+01 1.88596793e+00
 3.97436364e+01 2.31043045e+00
 2.75742889e+01 2.01120358e+00
 3.17228890e+01 1.39211885e+00
 1.41840577e+01 4.83821676e+00
 2.70603125e+01 3.79300955e+00
 4.11303398e+01 3.15388272e+00
 2.71671031e+01 2.73454176e+00
 4.28501930e+01 1.70449036e+00
 4.11007878e+01 3.37657515e+00
 2.70214050e+01 2.12512436e+00
 2.53814643e+01 1.68095929e+00
 2.96087292e+01 4.51528135e-01
 5.06723357e+01 5.93469587e+00
 2.41685550e+01 2.10082946e+00
 4.41230722e+01 3.66704315e+00
 2.73987518e+01 1.98192234e+00
 3.54391569e+01 3.26227461e+00
 2.12135333e+01 2.09117748e+00
 2.83945470e+01 1.70149866e+00
 4.38466520e+01 4.33036318e+00
 5.02863469e+01 6.36557504e+00
 4.07579396e+01 3.22621360e+00
 3.90095941e+01 1.42979064e+00
 3.56628767e+01 3.04249496e+00
 3.51564181e+01 3.38216045e+00
 2.34939330e+01 1.31024425e+00
 3.02311623e+01 6.53172967e-01
 3.05449937e+01 6.09255780e-01
 2.62652835e+01 2.42511575e+00
 2.92237731e+01 3.20375416e+00
 4.16372797e+01 2.99910337e+00
 3.17085538e+01 2.60744836e+00
 2.43518540e+01 2.28987521e+00
 2.93985762e+01 1.41023931e+00
 2.88581877e+01 1.74386919e-01
 4.32437224e+01 2.72258845e+00
 3.64979840e+01 2.49908173e+00
 4.10464425e+01 3.93111446e+00
 4.46702625e+01 4.88029962e+00
 3.24523108e+01 2.23514783e+00
 4.03964250e+01 4.53747698e+00
 2.94149192e+01 9.74165223e-01
 2.13295966e+01 4.22343935e+00
 2.47561409e+01 1.87924254e+00
 1.83425577e+01 3.27055475e+00
 3.84418340e+01 3.16157336e+00
 2.57845249e+01 2.99644909e+00
 4.18927970e+01 2.34968742e+00
 3.79026297e+01 3.16304344e+00
 2.65212066e+01 1.97570544e+00
 2.74065931e+01 1.97380500e+00
 2.98344349e+01 5.70130700e-01
 2.27854141e+01 1.23550349e+00
 2.32550011e+01 2.28503935e+00
 1.95238738e+01 2.66296620e+00
 3.83836428e+01 1.65734730e+00
 2.17287674e+01 3.38693858e+00
 2.21842241e+01 3.58964977e+00
 2.73342577e+01 1.90529144e+00
 3.25039219e+01 1.55246172e+00
 2.74098962e+01 2.29626782e+00
 3.34870312e+01 2.56192511e+00
 3.43316235e+01 2.03610195e+00
 3.86246093e+01 4.13300866e+00
 4.30439772e+01 1.60794084e+00
 3.25929936e+01 3.54994745e-01
 2.14815954e+01 3.26263046e+00
 3.44099702e+01 2.14163058e+00
 3.14535071e+01 1.05122205e+00
 2.56680131e+01 2.22684900e+00
 3.52275588e+01 2.71703337e+00
 2.88306716e+01 2.30181494e+00
 4.14092232e+01 2.61179393e+00
 3.43925047e+01 1.60991769e+00
 4.57328906e+01 4.12648335e+00
 3.65796151e+01 3.01832259e+00
 2.40924582e+01 2.74032437e+00
 3.71937741e+01 2.67198138e+00
 3.73594020e+01 2.27344547e+00
 3.77252739e+01 1.98494031e+00
 1.68620629e+01 4.75420312e+00
 3.77052689e+01 3.23707906e+00
 8.86716983e+00 7.16181073e+00
 3.22806301e+01 1.87428805e+00
 2.05305011e+01 3.83760709e+00
 2.74244710e+01 1.96394100e+00
 4.02323063e+01 3.73561606e+00
 3.11049129e+01 1.41395971e+00
 2.33666620e+01 1.18562794e+00
 2.67204463e+01 1.56263854e+00
 9.39654128e+00 5.66353203e+00
 3.08840684e+01 1.73517649e+00
 4.56121669e+01 4.77741047e+00
 3.79269475e+01 3.32160929e+00
 3.76786434e+01 3.17354027e+00
 4.91267587e+01 4.60773778e+00
 3.65767105e+01 2.40222329e+00
 4.52176348e+01 5.21573241e+00
 4.06432668e+01 2.70176419e+00
 2.63748562e+01 2.47609326e+00
 2.80736949e+01 1.58454960e+00
 4.93566871e+01 5.57739464e+00
 3.41528037e+01 2.01586435e+00
 3.68983199e+01 1.53102308e+00
 3.16752222e+01 1.54505536e+00
 2.70374917e+01 1.15674970e+00
 2.80394624e+01 3.49582530e+00
 4.32730081e+01 4.38989094e+00
 2.42427710e+01 2.22494922e+00
 3.57694411e+01 2.87646416e+00
 3.11360613e+01 8.75519218e-01
 3.29931088e+01 1.16840172e+00
 2.96836540e+01 5.65677862e-01
 3.06390943e+01 2.96329107e+00
 4.49121729e+01 5.37060973e+00
 2.72173033e+01 1.57881586e+00
 2.59727899e+01 2.71288364e+00
 4.00271978e+01 4.43897724e+00
 3.93056884e+01 7.86689097e-01
 3.08711710e+01 1.89168949e+00
 4.20307869e+01 3.18124412e+00
 3.78123639e+01 1.39291543e+00
 4.43590387e+01 2.29016174e+00
 2.59425999e+01 2.75247599e+00
 3.92239360e+01 2.81961697e+00
 1.77024424e+01 3.16289135e+00
 3.31763255e+01 2.16660297e+00
 3.92926487e+01 1.70783325e+00
 2.72109076e+01 1.18974168e+00
 3.27693256e+01 2.65707533e+00
 4.27374519e+01 3.38336776e+00
 2.40910349e+01 2.23837822e+00
 3.51248076e+01 2.12904093e+00
 2.41498643e+01 2.51136016e+00
 2.95541516e+01 1.53396385e+00
 3.94128023e+01 3.15050016e+00
 3.48108933e+01 2.82709415e+00
 4.78017065e+01 4.06115459e+00
 2.59953769e+01 3.55055883e+00
 3.04167605e+01 1.49012134e+00
 4.50782515e+01 4.00618518e+00
 1.36444632e+01 4.08442846e+00
 3.96807530e+01 1.66586572e+00
 6.31663113e+00 7.37732447e+00
 3.33211898e+01 1.81675462e+00
 0.00000000e+00 1.12125351e+01
 2.75307847e+01 1.47353995e+00
 3.26539794e+01 1.33492986e+00
 1.77597699e+01 3.53659468e+00
 3.32208285e+01 3.36533865e+00
 3.45893791e+01 2.92731274e+00
 4.32918230e+01 3.83914762e+00
 2.81163346e+01 2.13460936e+00
 2.89796363e+01 2.38087335e+00
 2.17854066e+01 1.85908284e+00
 2.77745388e+01 2.65710016e+00
 3.93530588e+01 4.04708018e+00
 2.73265388e+01 1.56054406e+00
 4.20862624e+01 3.84030310e+00
 4.09821196e+01 1.81631398e+00
 2.97791858e+01 2.12460188e+00
 2.95813549e+01 1.66716439e+00
 2.13333861e+01 2.37792012e+00
