 1.48321886e+00 1.93767666e+00
 1.65539035e+00 1.80718478e+00
 1.57462485e+00 1.82865691e+00
 1.48928929e+00 1.81161199e+00
 1.50198930e+00 1.92832672e+00
 1.70767296e+00 1.94011933e+00
 1.61473967e+00 1.98349448e+00
 1.63494248e+00 1.82702772e+00
 1.59799063e+00 1.92044736e+00
 1.65821169e+00 1.91353315e+00
 1.53487999e+00 1.92561849e+00
 1.67845861e+00 1.81006759e+00
 1.43784616e+00 1.75700321e+00
 1.49940690e+00 1.83277793e+00
 1.55067945e+00 1.88269275e+00
 1.55069855e+00 1.91664536e+00
 1.59046665e+00 1.81464763e+00
 1.68453763e+00 1.84544409e+00
 1.58490422e+00 1.87894639e+00
 1.53928277e+00 1.91523066e+00
 1.65276939e+00 1.84659972e+00
 1.55562099e+00 1.91340359e+00
 1.56656674e+00 1.97560719e+00
 1.58730705e+00 1.95850875e+00
 1.61050867e+00 1.95667938e+00
 1.57234973e+00 1.84991300e+00
 1.52347294e+00 1.98432116e+00
 1.54517683e+00 1.83853523e+00
 1.49033555e+00 1.87013579e+00
 1.61099487e+00 1.77628787e+00
 1.59865318e+00 1.94733468e+00
 1.60349517e+00 1.81054820e+00
 1.70231000e+00 1.96784123e+00
 1.58051122e+00 1.85624484e+00
 1.65659821e+00 1.89780379e+00
 1.61908568e+00 1.81719363e+00
 1.39263844e+00 1.91443535e+00
 1.55020224e+00 1.88059425e+00
 1.63659750e+00 1.96343804e+00
 1.53574991e+00 1.79108531e+00
