 1.03859279e+00 2.62139298e+00
 7.40124324e-01 1.96506254e+00
 6.98311299e-01 1.91120679e+00
 8.72322338e-01 2.19437416e+00
 8.22333898e-01 2.32046369e+00
 8.95140406e-01 2.02391237e+00
 7.76465948e-01 2.17421235e+00
 8.13213422e-01 2.25659359e+00
 8.65738495e-01 2.05897857e+00
 7.64309934e-01 2.01719012e+00
 7.30533719e-01 2.32591090e+00
 8.77728005e-01 2.22351597e+00
 9.55006105e-01 2.45656801e+00
 7.29040666e-01 2.32353032e+00
 7.92678153e-01 2.38590156e+00
 7.04315282e-01 2.43543501e+00
 8.09808800e-01 2.27136538e+00
 9.68583674e-01 2.54188405e+00
 8.71012590e-01 2.39326665e+00
 7.60877609e-01 1.87089986e+00
 8.26985194e-01 2.67106151e+00
 8.53578327e-01 1.90461108e+00
 6.03107598e-01 2.26649467e+00
 9.82641059e-01 2.41017281e+00
 1.08955477e+00 2.11900736e+00
 8.23764115e-01 2.10844045e+00
 7.12204992e-01 1.76227590e+00
 7.67006208e-01 2.25627480e+00
 9.49167083e-01 2.32155906e+00
 7.59546634e-01 2.00770530e+00
 6.61059165e-01 2.62694803e+00
 9.97966002e-01 2.49243238e+00
 7.00707798e-01 2.26896339e+00
 6.76575430e-01 2.10710198e+00
 7.18295650e-01 2.59012493e+00
 6.99272617e-01 1.83675219e+00
 7.66541479e-01 2.23772787e+00
 7.19978187e-01 2.19575536e+00
 6.54890764e-01 1.83102365e+00
 7.98239024e-01 2.32303225e+00
