 1.03611070e-01 2.45560745e-01
 5.62970895e-01 3.90107826e-01
 3.06453929e-01 1.99348577e-01
 1.90599374e-01 2.16908681e-01
 1.97358456e-01 1.30144468e-01
 -4.19114177e-01 1.59120296e-01
 4.26939635e-01 3.88145790e-01
 3.72989522e-01 3.12602150e-01
 3.23461540e-01 5.63552018e-01
 1.69096039e-01 4.16130761e-01
 3.92040665e-01 4.04389390e-01
 1.76914522e-01 2.40283357e-01
 8.05800960e-01 4.56455768e-01
 3.51822360e-01 3.40551566e-01
 6.49779630e-01 2.30062500e-01
 2.84512195e-01 3.33908690e-01
 3.65793207e-01 3.62119475e-01
 3.08484006e-01 3.76174528e-01
 8.00637958e-02 4.21108422e-01
 1.32520491e-01 5.16458428e-01
 3.24974044e-01 2.30109758e-01
 -2.03741933e-01 3.54453847e-01
 3.00974241e-01 4.81123882e-01
 3.39226512e-01 5.00125532e-01
 6.26540299e-01 5.50243647e-01
 2.77874170e-01 1.64885090e-01
 -1.02774991e-01 5.46396420e-02
 4.20057479e-01 2.26518730e-01
 1.21291052e-01 4.30700677e-01
 2.45772828e-01 2.44978372e-01
 3.03443381e-01 3.30900143e-01
 3.74715174e-02 2.25014748e-01
 1.79438042e-01 3.37676263e-01
 6.93489530e-02 3.11811431e-01
 5.67662131e-02 3.91156815e-02
 3.65000534e-01 3.32015638e-01
 3.50548018e-01 4.74943307e-01
 3.39192475e-01 1.20220920e-02
 -2.11337728e-02 3.38797889e-01
 -8.90132217e-03 2.13978748e-01
