 2.49129417e+00 7.44927177e-01
 2.80969291e+00 6.88739874e-01
 2.87762115e+00 7.43766082e-01
 2.24845066e+00 6.94518971e-01
 2.41835944e+00 8.19098479e-01
 2.59588396e+00 1.00050647e+00
 2.50316931e+00 1.03205269e+00
 2.13466816e+00 1.09931450e+00
 2.85241461e+00 5.24162667e-01
 2.46054004e+00 8.82121518e-01
 2.51039505e+00 9.27684403e-01
 2.42879292e+00 1.06844579e+00
 2.74084527e+00 7.41497234e-01
 2.55466310e+00 6.69500555e-01
 2.28899726e+00 8.49201953e-01
 2.23105570e+00 9.63234042e-01
 2.42575635e+00 9.39003316e-01
 2.12812131e+00 9.08601475e-01
 2.53624761e+00 1.07214349e+00
 2.64583578e+00 7.73634961e-01
 2.42506734e+00 7.19361837e-01
 2.48393723e+00 4.86327867e-01
 2.40315039e+00 1.14226959e+00
 2.79007977e+00 6.44954074e-01
 2.30977407e+00 7.40228467e-01
 2.41102409e+00 6.60711125e-01
 2.68347756e+00 7.40789058e-01
 2.22061942e+00 6.48549783e-01
 2.44781231e+00 7.99834439e-01
 2.52262578e+00 6.18546814e-01
 2.18458481e+00 7.27165269e-01
 2.45463394e+00 6.49488924e-01
 2.36354236e+00 7.29592787e-01
 2.75203106e+00 8.77399417e-01
 2.49845376e+00 5.45366289e-01
 2.25954813e+00 1.10132683e+00
 2.39705906e+00 5.54709578e-01
 2.22103164e+00 9.44560692e-01
 2.48886858e+00 6.09878881e-01
 2.60400260e+00 8.13391596e-01
