 1.61536081e-01 5.23036373e-01
 -8.50321542e-02 6.00425332e-01
 3.13488697e-01 1.43532379e-01
 1.92741418e-01 1.36790803e-03
 2.75833013e-01 2.20648538e-01
 3.36248949e-01 1.19338394e-01
 1.95722503e-01 3.55333295e-01
 2.13355136e-01 -2.16629739e-01
 4.97611151e-01 -4.18088947e-01
 1.82912101e-01 1.11184905e-01
 4.35366685e-01 3.53364003e-01
 2.82973920e-01 -2.76481444e-01
 6.17551281e-01 2.28316659e-02
 4.51600986e-01 1.23571903e-01
 -3.22645270e-02 5.73127414e-01
 2.88684188e-01 9.02472336e-02
 4.12140263e-01 3.26770515e-01
 2.03767906e-01 3.84700975e-01
 2.06185214e-01 1.52388177e-01
 3.54025517e-01 -2.45630876e-01
 2.61023000e-01 4.23597754e-01
 5.27261250e-02 1.43412395e-01
 1.91553728e-01 -1.03077342e-01
 6.40700116e-01 -7.98679930e-01
 2.94838393e-01 3.52608250e-01
 6.92105559e-01 -3.79163949e-01
 2.77002973e-01 -1.75647054e-02
 9.99672257e-02 2.54210383e-01
 9.74546506e-02 7.70349908e-02
 2.86464168e-01 -5.98863679e-02
 -1.01720342e-01 5.08531817e-01
 -7.23623480e-02 5.06745721e-01
 1.95425355e-01 -2.77088021e-01
 1.39692930e-01 -1.34897791e-01
 4.47457546e-01 4.47451519e-01
 3.56608918e-01 -2.42517152e-01
 3.00964610e-01 1.84653427e-01
 3.79287148e-01 6.10717960e-01
 5.26785084e-01 -5.94283464e-01
 2.97037385e-02 2.22519502e-01
