 1.74076434e+00 1.50722912e+00
 1.74468856e+00 1.50992547e+00
 1.79207352e+00 1.51089393e+00
 1.75700568e+00 1.51216536e+00
 1.73358197e+00 1.50478080e+00
 1.73828502e+00 1.50430513e+00
 1.75537935e+00 1.51362147e+00
 1.75376106e+00 1.50886943e+00
 1.71674895e+00 1.50181050e+00
 1.77724775e+00 1.51203549e+00
 1.77680640e+00 1.50375656e+00
 1.69721479e+00 1.49615270e+00
 1.70623943e+00 1.49327271e+00
 1.69634167e+00 1.49168900e+00
 1.78874582e+00 1.51418308e+00
 1.72001802e+00 1.50106465e+00
 1.74062215e+00 1.50598178e+00
 1.72211691e+00 1.49859992e+00
 1.71603800e+00 1.49886673e+00
 1.71946234e+00 1.50260587e+00
 1.72173803e+00 1.50381477e+00
 1.79091790e+00 1.51151834e+00
 1.72459320e+00 1.49955372e+00
 1.69916565e+00 1.49515831e+00
 1.75378596e+00 1.50584286e+00
 1.75682735e+00 1.51029373e+00
 1.73196888e+00 1.49893030e+00
 1.74414022e+00 1.50413354e+00
 1.73867737e+00 1.50045405e+00
 1.76618156e+00 1.51076471e+00
 1.74901787e+00 1.51332669e+00
 1.82038567e+00 1.52339228e+00
 1.68839434e+00 1.49316752e+00
 1.76078323e+00 1.50683943e+00
 1.75777826e+00 1.50574699e+00
 1.73728685e+00 1.50175446e+00
 1.75342515e+00 1.51062563e+00
 1.73288253e+00 1.50371046e+00
 1.78376569e+00 1.51111783e+00
 1.70217905e+00 1.49647152e+00
