 4.23938506e+00 1.52127134e+00
 4.41046630e+00 1.58584879e+00
 4.35067633e+00 1.52665295e+00
 4.28307398e+00 1.51055327e+00
 4.40415536e+00 1.42174713e+00
 4.19806735e+00 1.51716219e+00
 4.40745655e+00 1.35610707e+00
 4.31385332e+00 1.58895057e+00
 4.29362399e+00 1.58858860e+00
 4.25685042e+00 1.53606118e+00
 4.16818601e+00 1.51667480e+00
 4.24429467e+00 1.42779328e+00
 4.20818111e+00 1.55443264e+00
 4.40918970e+00 1.45858356e+00
 4.23317791e+00 1.57582927e+00
 4.21146656e+00 1.42893246e+00
 4.17294448e+00 1.54489603e+00
 4.27066594e+00 1.50514684e+00
 4.37595342e+00 1.38302575e+00
 4.19982742e+00 1.54165922e+00
 4.38337959e+00 1.55444095e+00
 4.50728835e+00 1.42470590e+00
 4.23275369e+00 1.59372466e+00
 4.12709588e+00 1.52812119e+00
 4.15202119e+00 1.53158540e+00
 4.36428824e+00 1.60827366e+00
 4.23565082e+00 1.38489180e+00
 4.18384307e+00 1.56431046e+00
 4.42356859e+00 1.50854744e+00
 4.50854787e+00 1.51743218e+00
 4.25115684e+00 1.65131273e+00
 4.32485602e+00 1.63696131e+00
 4.17734495e+00 1.71665671e+00
 4.22477362e+00 1.60573473e+00
 4.37152281e+00 1.53665700e+00
 4.34898832e+00 1.45986551e+00
 4.22909699e+00 1.36593835e+00
 4.18055876e+00 1.50181944e+00
 4.14485649e+00 1.61447708e+00
 4.21651989e+00 1.50632613e+00
