 8.76031568e-01 5.28306144e-01
 1.10887596e+00 6.56521693e-01
 1.07190909e+00 4.86511144e-01
 1.02360071e+00 5.47451057e-01
 7.26055096e-01 3.36399519e-01
 9.58451538e-01 6.69465823e-01
 8.53435374e-01 6.42822967e-01
 9.63568904e-01 3.69533253e-01
 1.16148758e+00 5.50596689e-01
 9.36493937e-01 5.59793245e-01
 7.28903266e-01 5.45954754e-01
 9.38906727e-01 5.09868748e-01
 1.08890772e+00 6.92715936e-01
 9.96485568e-01 5.41064509e-01
 9.90184714e-01 3.60626524e-01
 8.23565284e-01 6.72032481e-01
 1.00410385e+00 6.82696035e-01
 9.55278450e-01 5.62118198e-01
 7.62141157e-01 6.12572633e-01
 9.32437350e-01 6.69615537e-01
 8.44358622e-01 6.63285691e-01
 1.15220282e+00 5.20743522e-01
 1.03902185e+00 7.50675767e-01
 1.19982711e+00 5.93128392e-01
 1.09683942e+00 6.32756436e-01
 1.23265317e+00 6.09125118e-01
 9.58744665e-01 5.21998333e-01
 6.91715056e-01 5.73628208e-01
 9.95402978e-01 6.35617977e-01
 7.96365638e-01 3.86723035e-01
 8.92872086e-01 3.14149068e-01
 9.49517471e-01 7.49049485e-01
 1.12398485e+00 6.36911163e-01
 7.55686375e-01 5.73745063e-01
 1.10959993e+00 4.37986641e-01
 8.47744950e-01 5.25921737e-01
 9.43724509e-01 7.58439695e-01
 8.78537929e-01 5.81239831e-01
 9.39634576e-01 5.93188944e-01
 5.51878462e-01 5.35534315e-01
