 6.38395195e-01 5.21385279e-01
 1.29549225e+00 7.93294757e-01
 1.18169867e+00 8.05786528e-01
 9.53012047e-01 6.98079670e-01
 1.04943970e+00 6.92408577e-01
 1.04672002e+00 6.93493955e-01
 6.67119740e-01 5.87053449e-01
 7.20013387e-01 5.69140843e-01
 7.70180025e-01 7.58788872e-01
 9.71934223e-01 7.07277631e-01
 1.29013547e+00 7.07084147e-01
 8.60959157e-01 6.92662325e-01
 8.80309130e-01 6.97020368e-01
 8.41388146e-01 6.69286042e-01
 9.65163741e-01 7.29461427e-01
 7.62884839e-01 6.93646790e-01
 1.01852147e+00 6.73806347e-01
 9.59012512e-01 5.94876822e-01
 8.18302408e-01 5.57641987e-01
 1.01456652e+00 7.44093322e-01
 8.79987774e-01 6.62707891e-01
 6.26155782e-01 5.58905590e-01
 8.87370704e-01 7.75016483e-01
 9.92900503e-01 6.56560452e-01
 9.92649262e-01 6.71282029e-01
 9.39362937e-01 7.06940470e-01
 8.41462215e-01 6.39941120e-01
 1.00030384e+00 7.70570459e-01
 9.95031105e-01 6.30405028e-01
 9.67595367e-01 7.27359106e-01
 8.90798877e-01 6.76796870e-01
 6.07121842e-01 5.91786125e-01
 1.04251997e+00 7.61852966e-01
 1.19559777e+00 8.06261504e-01
 8.75957187e-01 6.64733373e-01
 8.32538808e-01 6.25251363e-01
 1.16509434e+00 8.14214460e-01
 7.96446395e-01 5.76996360e-01
 8.55734610e-01 7.04129890e-01
 9.68876576e-01 6.97624234e-01
