9.138998566167025217e+00 8.879738676542658915e-01
1.819520885911340979e-01 8.238383600551033581e-01
8.148797183542614064e+00 1.356865547712749143e+00
3.300999353263999403e+00 2.080110499255626300e-01
9.097893735658326264e+00 7.685529431277013934e-01
1.097639115527813125e+00 1.036939154827536846e+00
4.520321268515200330e+00 -2.765621097399555417e-01
8.762883003041983088e+00 1.516875058651500963e+00
1.304480042041232801e+00 1.222732553178811132e+00
8.174983393619664085e+00 1.527286048896735249e+00
7.789475187471150974e+00 1.058505046924757442e+00
7.899736536585719726e+00 1.237751079636535856e+00
4.103723034125374092e+00 1.605994697361520229e-01
3.742565849841907877e+00 1.191612863834401459e-01
8.447064004369856605e+00 1.121622372797890232e+00
1.875423599250369833e-01 6.545530789555926710e-01
4.541610088935027711e+00 -7.767468229694572956e-01
9.684350279423881158e-01 1.052884542641258525e+00
3.492197062224240423e+00 4.660781131249066567e-01
7.205934205843831819e+00 9.786212105202031220e-01
8.915777014285001911e+00 1.384791433152789741e+00
1.213144161013408606e+00 1.807601113682181904e+00
4.793132536782013453e+00 -3.642150553838144900e-01
5.866389774484932929e+00 5.024853717349302418e-01
9.654811308367792222e+00 2.834590547606807842e-01
7.591448947470142095e+00 1.258488525033875982e+00
7.580348729627624849e+00 1.094841811544262189e+00
2.310366841903428448e+00 1.615416553393913546e+00
1.053922513984624221e+00 1.060099340788602795e+00
9.559351727499462825e+00 7.842890934146262705e-01
9.441501025163724137e+00 7.835926270998107013e-01
2.874592861757077955e+00 1.019776729610027299e+00
6.034656549414192384e+00 -2.401296292451639280e-01
2.173886111382508091e+00 1.146447302904908705e+00
1.509353905941536178e+00 1.506366722183249074e+00
5.251267654748632552e+00 -4.716361288992867440e-01
9.877387528252091542e+00 1.312758716513208745e-01
6.619371859810131653e+00 1.169155053257331156e+00
8.264303527757160595e+00 1.700341852693275202e+00
2.860972881462144901e+00 5.215756350639521033e-01
8.648320281510647689e+00 1.354830893003681425e+00
4.638728399781856027e+00 -7.370150820946891335e-01
2.814507697743763082e+00 4.424506219260042061e-01
1.452173533492076007e+00 1.910909416168558472e+00
9.479229411411489892e+00 2.632192545940669204e-01
7.947602080783634726e+00 1.401312783745342294e+00
5.937476133563870384e+00 -1.108410519304162123e-01
2.866590457090475219e+00 6.367018286120620374e-01
1.214798335381006567e+00 1.360708236431499074e+00
6.040646073023266283e+00 -1.805921020672161537e-01
9.406234938716776739e+00 2.111591577602208447e-01
7.508238478917512282e+00 1.059041931229687927e+00
4.550441321347319601e+00 -4.924410113307460257e-01
8.998797129286513652e+00 1.186891006016422390e+00
9.939376175730954444e+00 2.277768999592945653e-01
5.811422652791558896e+00 3.434729761122988223e-01
6.912791445618866604e+00 1.069967770753097902e+00
7.810290222127576065e+00 1.871264014475621185e+00
7.208285444877732928e+00 7.997608587833796578e-01
6.788367178980370120e+00 1.293545255396399307e+00
8.010181390653771771e+00 1.177773318809008707e+00
1.270015753425713934e+00 1.741475060386036056e+00
2.092830330784567483e-01 8.777101193255173461e-01
8.387660145561147473e+00 1.747551894697818353e+00
4.016894375221001567e+00 -3.671112219715698677e-01
6.603752739730604837e+00 5.719951991784593126e-01
1.301455181892196000e+00 1.899346038699809780e+00
8.682026071034199433e+00 1.578956155132678729e+00
7.652178404297338421e-01 1.522623844127907411e+00
4.559592219722462758e+00 -6.195240665249935885e-01
1.510739555174134274e+00 1.632935746757769424e+00
7.585239767996475813e+00 1.117450919246235630e+00
6.544978434555648317e-01 8.030483430689274726e-01
9.581461145933600765e-01 1.487974462494078498e+00
2.781038629722091038e+00 9.464824452770291829e-01
3.943637158012443855e+00 -4.256122557055762590e-01
9.286024134379319506e+00 9.792436055856271748e-01
4.457180779080406552e+00 -5.778034441799437815e-01
3.916386769331514639e-01 6.255124676742823686e-01
7.571601667780061717e+00 1.839379130018065966e+00
6.932466839544970671e-01 8.972517522107406052e-01
3.547158782892547713e+00 6.007532145738675444e-01
4.762643379910253216e+00 -3.828671003295454067e-01
7.948986046762761326e+00 1.261508390038494465e+00
3.990432173969646001e+00 -2.397907969053858501e-02
2.102460636494682955e+00 9.737272058170047817e-01
2.946516678572313808e+00 3.738296880793832710e-01
2.923056352369086675e+00 6.805428002218389949e-01
1.687144937593240135e+00 1.667773036030856026e+00
6.375050431072482038e-01 1.277382681807871290e+00
7.454293585750245477e+00 1.494324438051262138e+00
3.526958523511154464e+00 -6.812896030974840977e-02
5.470078139064156630e+00 -3.767918085239855275e-01
9.251907210827059469e-01 9.149049421252326564e-01
3.103944452691504985e+00 8.310174006495553156e-01
3.410881446362036051e+00 6.226271044479799732e-01
7.194086865980362511e+00 8.453872116691489857e-01
1.795867345013495431e+00 1.007009255179443841e+00
7.773733171845313095e+00 1.391325095042041937e+00
2.108605087103297748e+00 1.639438650304863909e+00
8.384293829717568869e+00 9.400471929227798285e-01
9.192740829992027685e+00 9.877342127791449711e-01
8.996620070694465454e+00 9.831500444328390431e-01
5.510320611972029603e+00 -4.511346058103019585e-01
7.513376376130420198e+00 1.501524440368924296e+00
9.402880790755876461e+00 9.269796528072757891e-01
2.545763967187051335e+00 1.046763899726662395e+00
1.457228319064174382e-01 2.359056148026961730e-01
9.506128178403121964e+00 6.145847939244536429e-01
4.224752578874424458e-01 8.726007519933280943e-01
5.422583788004775585e-01 9.547999967132592136e-01
3.729698695068694114e+00 -2.634218959668110926e-02
2.389043130645447377e+00 1.523168070118762429e+00
6.267235845024283769e+00 5.513204233170886370e-01
7.633904006711937029e+00 1.580311774164978367e+00
6.459629451143370282e+00 3.814732848482974559e-01
1.507150753861137282e+00 1.126118573312433035e+00
9.990185712233932591e+00 -3.689738137540277130e-02
9.127278401322492130e+00 1.040120633611457457e+00
1.707915064899601099e+00 1.413746507203414549e+00
9.758723114251408148e+00 8.725542943943787044e-03
7.035045449319897060e+00 1.418989584274798599e+00
7.669881678267477021e+00 1.188242009831021573e+00
1.525619759858046764e+00 1.663732615475971954e+00
7.851897600926175613e+00 1.950036465287650733e+00
1.149833030152030977e+00 1.798766856518713819e+00
6.466043933750317052e+00 5.217281397142987664e-01
4.875507671116637631e+00 -7.630964707101102196e-01
1.274545035039987839e+00 1.566593873146689742e+00
3.170044289978305230e+00 6.687495184869255427e-01
2.809889685994596320e+00 7.071000334325179271e-01
7.834172237351952006e+00 1.296155067013736728e+00
6.457707824399507857e+00 2.029249501492543240e-01
6.532561160927976118e+00 4.755246232511799453e-01
8.015542220255415629e+00 1.496658825522435343e+00
1.526253018910311843e+00 1.623289158307270608e+00
8.617180895803212337e+00 1.430363774727786197e+00
8.289480106281366112e-01 7.792825273080328241e-01
3.091030813607721583e+00 5.599347031072130498e-01
9.294222415805341697e+00 4.011280350134939776e-01
3.294692824788411301e+00 4.720274277343845526e-01
6.554584347312117920e+00 7.029320063838011556e-01
6.873773199667505551e+00 1.546487462781225286e+00
3.459768092170233622e+00 -3.109741617062378172e-02
1.565575654693669438e+00 1.678889758754785966e+00
2.581447376512298053e+00 1.209459701715632551e+00
8.504078429558200369e+00 1.103742211046766064e+00
6.233888716482313797e+00 1.202050614865017020e-01
5.241696058858421381e+00 -7.098073738513304143e-01
1.116754448846611902e+00 1.890022664892776483e+00
5.912623712121593655e+00 -3.445144270138494891e-01
6.175061324764317128e+00 5.792617771584054331e-01
1.449652047956928591e-01 6.338607197417656103e-01
8.080830629948970056e+00 1.108574548805241200e+00
6.161793501102349246e+00 6.140550768982566687e-01
7.486602853381540967e-03 9.287583586969269112e-01
1.357793206774021710e+00 1.728721109687636925e+00
8.703096633729520804e+00 9.027724041573124136e-01
1.521228290168106234e+00 1.404096874573978804e+00
1.348241193769786905e+00 1.393712980373053245e+00
7.137804984618709270e+00 1.186410377844079322e+00
1.132490259346941031e-01 6.314547732759440146e-01
4.446124307005399956e+00 -4.001228977592984348e-01
3.654165872957536365e+00 3.182463056609715069e-01
9.112659665972110190e+00 7.664385848706478654e-01
4.446258627001374641e+00 -5.318575666039777605e-01
4.209764171111701536e+00 -4.179645605317856560e-01
6.178495405485459280e+00 6.667456839940620883e-01
6.648364310778692499e+00 6.535966895758400508e-01
7.958912581896133709e+00 1.415067796162706948e+00
9.780565274731342740e+00 -2.347239249376369963e-01
8.170584688473439883e+00 1.031959842006625383e+00
1.505154673055517645e+00 1.247439433485452609e+00
3.320720326750249640e+00 3.477616590305128708e-01
1.194722743709971668e+00 1.541526313660329883e+00
8.710877044594337093e+00 7.495556744076727895e-01
9.790003472385466310e+00 4.485242075672561390e-01
7.167200986662570550e+00 9.854964330428130914e-01
1.084901990213965606e+00 1.557821490187409230e+00
3.690801266510304934e+00 2.516565316465376734e-01
1.509062645976415595e+00 1.174619549444174904e+00
7.906399125514205650e+00 1.945251858508099563e+00
1.451217355449836433e+00 1.486746243242782928e+00
2.489652678519593820e-01 8.105189062516369169e-01
6.967378717645530628e+00 1.192436003176506887e+00
2.464451994773057208e+00 7.335633526328454446e-01
2.460224773098310891e+00 1.035148745141543536e+00
7.590039688312788524e-01 7.776738524904531769e-01
2.869673711411656392e+00 1.189532356599575014e+00
1.980797918997870832e+00 1.867447377609102954e+00
3.320218247406083734e+00 5.464127532477286442e-02
2.944231169186142250e+00 4.710897199403798474e-01
2.505718779587584599e+00 1.154205392490779802e+00
7.713698720481722226e+00 1.107725989698470581e+00
8.350615323224861442e+00 1.420621089596513009e+00
5.739860562507848041e-01 6.798724805556144446e-01
8.677123513182545267e+00 1.289910253765870429e+00
6.772713738002811290e+00 9.542428831998217564e-01
6.777701137724912783e+00 9.807634478601215955e-01
1.171458362598298830e+00 1.328706870802562001e+00
3.921713202180103774e+00 8.449670550030341509e-02
1.117048946089000960e+00 1.332329640435230722e+00
8.887702935929622683e+00 1.022554044488579894e+00
6.166125550961361057e+00 4.219312175716364854e-01
1.540149296088481057e+00 1.054332794981337695e+00
9.661702759295478060e+00 1.580504675252723534e-01
9.873500664155152151e+00 -1.186665549786881102e-01
9.131323495511679766e+00 8.398523257325312130e-01
4.824481787096857488e+00 -7.496566693072891363e-01
2.664343557255521855e-01 2.682667410861849233e-01
9.243879927326023704e+00 8.127593554227481309e-01
9.885422700691661291e+00 4.561480692646978641e-01
6.773157307428517626e+00 7.622365300399849275e-01
2.402272516116665813e-01 7.864274520855204509e-01
1.842659252237589529e+00 1.261445335286315750e+00
9.800636927483111549e+00 4.391752128390012944e-01
3.509037687466509681e+00 4.251631976213955388e-01
5.039880765948540287e+00 -2.291686130204826366e-01
4.501760435258777449e+00 -7.924635811494185056e-01
7.493422983829121087e+00 1.439208833141776278e+00
5.066059737913231942e+00 -7.584163571477676724e-01
5.211249828087034075e+00 -6.021394264377333272e-01
5.758791638379320510e+00 -2.034441676850459180e-01
5.157672617420749894e-01 5.173971850797427496e-01
4.792371897353975285e+00 -4.746787850652773866e-01
8.740282779308653716e+00 6.844657237859251842e-01
6.327472935378693819e+00 1.595382727198334516e-01
6.547379651050212246e+00 6.722459483742047048e-01
6.288888337283950136e+00 3.318958882399018484e-01
3.093845472713100619e+00 4.470748039476828972e-01
5.575614721223817405e+00 2.612224242302774169e-02
2.381209956490377699e+00 1.194760463368040648e+00
9.279140769025925550e+00 7.438915074028502605e-01
6.215179134748227696e+00 9.046075515548442914e-01
9.600680971229959226e+00 4.048252987754423771e-01
7.325951212272757473e+00 1.770725909548484633e+00
9.942763614681112472e+00 4.609805925167749785e-01
8.283077963096435070e+00 1.128555216965613450e+00
9.432872778449478801e+00 6.097045481658716626e-02
5.920621877911557362e+00 1.621644224656448863e-02
4.757215603125766634e+00 -6.343398034242065942e-01
5.349947613611999664e+00 9.966860145204559096e-02
1.456459522752221458e+00 1.240966223366821275e+00
6.522495009600222993e+00 5.216017512510099374e-01
9.104196232355953100e+00 5.951390026338141404e-01
8.210469688574146829e+00 9.442651301652748019e-01
4.940579779139897543e-01 5.832106509923100646e-01
1.167411615787176116e+00 1.057856726120968149e+00
8.498048601340757457e-01 1.288005387681741887e+00
9.723778379116218673e+00 5.143511921213500537e-01
5.815128437431338781e+00 2.220187289665886965e-01
2.517064140535523187e+00 1.050788613587912979e+00
7.117951903121864987e+00 1.254569757077523384e+00
8.413619833907423740e+00 1.054242656693546332e+00
8.612053689428366354e+00 7.798230074593845984e-01
7.551668235864250178e+00 1.597461439787140058e+00
2.769745523979353585e+00 3.727102326766362217e-01
1.312238998487781361e+00 1.707847351691678561e+00
9.782580442005861521e-01 9.818094736091197428e-01
9.834270490546803689e-01 1.539689123662142389e+00
4.605010597172127795e+00 -8.217255806411741803e-01
3.879573215945839593e+00 -1.747372859961603409e-01
7.630389527030471797e+00 1.352527848929527599e+00
8.860546912356353388e+00 1.424312992506173048e+00
8.637005869387759383e-02 9.840678783495034887e-01
3.978581847795490400e+00 -4.165388825744910095e-01
2.105819613979363680e+00 1.494709870847805488e+00
1.997448666961345598e+00 1.584539776731376026e+00
8.568895582971363112e+00 1.100221599259843419e+00
7.468708977483986544e+00 1.781716899545682908e+00
7.293221139033597922e+00 1.722669646756131989e+00
6.401260825862461701e+00 4.580704569454271402e-01
4.896950702061161564e+00 -8.136938228253435268e-01
7.220140612823991333e+00 9.971586461916739363e-01
6.663674424458815082e+00 1.220179328879993808e+00
7.439470982087723172e+00 1.440211437365924940e+00
2.552503596344151138e+00 1.515722094968137146e+00
2.120924007025570823e-01 6.003811434489380039e-01
3.995722197991779190e+00 -3.631027958673384015e-01
9.163285953521727478e+00 8.303539198082936501e-01
6.212645511529958142e+00 -4.059737867553990520e-02
5.159332705221469695e+00 -3.164694677622107433e-01
8.787779740757148517e+00 1.264111903357679090e+00
2.899098392908970645e+00 5.080048453026511091e-01
4.789665114524734868e+00 -7.348501439338461783e-01
1.855345981710982972e+00 1.594898360075359012e+00
8.427489088226721492e+00 9.765595206005053264e-01
9.687015121302209764e+00 -7.053485931924774466e-02
4.406375144829286938e+00 -7.227511534737233179e-01
3.340773124502638414e-01 8.279464999049881424e-01
8.266069424453306169e+00 1.877045423020297310e+00
1.054701013900731787e+00 1.637763461119654984e+00
2.758549614010505913e+00 3.952724084555578332e-01
6.797961118391259383e+00 9.099152355070897480e-01
5.635958406202452586e+00 -2.554386540718012188e-01
5.934406104701799300e+00 1.462551596256587705e-01
1.815879905742157074e-01 6.607218624608162116e-01
5.587032888408849374e-01 8.352389145033022322e-01
1.351333863268628921e+00 1.027724436995038904e+00
4.272919602643217907e+00 6.185893337018455451e-02
5.721737179959196951e+00 -8.527270006287079873e-02
9.384673505968949669e+00 1.216149195798021942e-01
8.664404241017427566e+00 8.545742742446874596e-01
2.735586346934189006e+00 6.122653516027637410e-01
2.481349022112216751e+00 1.519446800263611674e+00
7.337587774171320021e+00 1.149623480296392941e+00
4.767493231320022673e+00 -3.220191350563077481e-01
2.260088327766212046e+00 1.018550872467722801e+00
8.678468357230917363e+00 1.514624492098204822e+00
5.093886414132798635e+00 3.930858372715850813e-02
2.930615250995268539e+00 1.018533666143786487e+00
9.850943436973151890e+00 -1.747701105855342663e-01
2.572928209360936247e-01 5.604136382554648632e-01
5.907233931603561583e-01 1.041694899215077408e+00
7.853136591926831223e+00 1.460623180062480930e+00
9.590347874557391350e+00 1.796596321068426871e-01
3.983571897024427155e+00 1.492518309656007958e-01
2.548972533459279433e+00 9.838609357455003757e-01
7.780019110652151682e+00 1.974651897932296229e+00
8.241228744728314126e+00 1.315838173835151448e+00
3.751304238568113014e+00 2.002105249116566954e-01
2.800230912151505436e+00 6.764589328384550404e-01
5.040438273862266172e+00 4.209801156399317623e-02
6.593914032406490655e+00 1.196422553900849062e+00
7.033938619603409492e+00 1.256920528549092086e+00
9.374396641124187468e+00 4.703669015169901213e-01
8.314744398863187058e+00 1.861625193351558627e+00
3.557521175983404671e+00 5.334086695461858207e-01
7.227531192822650219e+00 1.604295559041327479e+00
7.391479349698759638e-01 8.095427717899170705e-01
7.457306846190402183e+00 1.673814637699563290e+00
4.323840161349795430e+00 -7.974668744534160192e-01
7.935025411122338390e+00 1.890367320047409816e+00
9.780014644281395775e+00 3.874280782426216541e-01
5.555105319307419798e+00 -2.697558154770938188e-01
2.659189410045196489e+00 8.046805224080013641e-01
7.511398046633638081e+00 9.541615137607053487e-01
9.682038652276862223e+00 4.913191117054549473e-01
5.561687902153310326e+00 3.134862845444992274e-01
7.867986592572956184e+00 1.968455333528656981e+00
8.548547688498135955e+00 1.559285783311759932e+00
1.172790985089022797e+00 1.063934588594423580e+00
2.821726522796211611e+00 1.010256049295537917e+00
5.740646158784836750e+00 3.680679434091913560e-01
5.671063434759854083e+00 -1.292240150817891564e-02
3.848901361224561501e+00 2.291564272629401655e-01
9.181100548511844650e-02 4.000930056949605351e-01
5.696881439794293733e+00 -1.745412352898331187e-01
3.559563026164522803e+00 -3.485420208753131632e-02
5.533752011830104678e+00 -3.944047980422562549e-01
1.190591486962510048e+00 1.872932608177499958e+00
3.387791763230474373e-01 5.344391465600517588e-01
9.662691154750945088e+00 -9.700146693237712836e-02
6.366525210749129915e-01 1.029777965461460720e+00
9.276634499069144724e+00 9.726839641870356212e-01
4.826623157005205389e-01 8.669268247418863149e-01
9.260969570446356158e+00 6.047308633116741383e-01
4.413577634085906531e+00 -7.198492657316153398e-01
1.109165793084817553e+00 1.776994940539212919e+00
3.007930244118437457e+00 7.595903896376798858e-01
2.111176947271743209e+00 1.056225848665458988e+00
9.860255253988315260e+00 3.387978071963939075e-01
7.835269414592485937e+00 1.096193611041882843e+00
9.499131136229809869e+00 8.217682504532408672e-01
3.541813987812303388e+00 -2.573976590150665045e-01
1.986190792600974753e+00 1.709154806451206987e+00
3.213781453070092553e+00 7.592909496628262589e-02
9.356608456369809090e+00 5.967804332616934992e-01
8.609020287864806775e+00 9.153793320210854567e-01
9.858053407495571463e+00 5.582436799317075371e-02
6.576785745903407587e+00 1.049704428706843107e+00
7.875302138535178464e+00 1.581098724112376397e+00
5.249805714250329380e+00 -6.600607664204940495e-01
2.440388404126847544e-01 3.126552443608540677e-01
7.780018362006653199e+00 1.077178977307719165e+00
1.147017239687573298e+00 1.511903289589343613e+00
3.738936232014109518e+00 -1.890063537543166250e-01
3.672449670891755336e+00 2.899727292502092268e-01
7.351660869821240674e+00 9.958505947889175758e-01
4.818563718202143242e+00 -4.949584758404279583e-01
7.147802689302462653e-01 1.500340692379826368e+00
5.439040255250223055e+00 -5.607567867076480583e-01
1.253155149062955553e+00 1.553311129604892482e+00
9.174196295753082708e+00 5.747639329662928009e-01
5.516291938016614438e+00 -6.361679007752699677e-01
9.493877417416799247e+00 6.178166178037728384e-01
2.797923521846890083e+00 5.811044236780935623e-01
7.383284931188974554e+00 1.052501036343372220e+00
4.856331554052506494e-01 1.329716560102809364e+00
5.019719881545863238e+00 -1.678045347334297110e-01
4.923705323936621525e+00 -5.691219610685795960e-01
7.062647578911207535e-01 1.498882509106131966e+00
2.122659194543806471e+00 1.431778751479633627e+00
1.059979577073303370e+00 1.615962874450074915e+00
9.730668003400340993e+00 3.512122960654512349e-02
7.227639936326121450e+00 1.392866678470334962e+00
3.314541669000531598e+00 1.956166244772644391e-01
3.368586605017998004e+00 2.769972775083440197e-01
3.950303341424402426e+00 8.009025092437127569e-02
8.205443758829947143e+00 9.586220036524856214e-01
1.514521128725524468e+00 1.813696256206639212e+00
5.819958889234053245e+00 -3.617619616974049324e-02
3.079278593572578604e+00 2.095321011885477869e-01
5.361771912097734738e-01 5.786832659232253873e-01
8.401402514979857017e+00 1.514700806480621775e+00
6.941765878139955603e+00 6.711985433550055058e-01
8.079082270243590713e+00 1.920498147731120264e+00
1.064060953488473737e+00 9.280822886887876155e-01
4.089574614954303300e+00 -6.580147626535020056e-01
8.417329296796056681e+00 1.499410604237337186e+00
8.684125080015164144e+00 1.397385004060752944e+00
7.065956912947777724e+00 1.502212732352981694e+00
7.341818327374394215e-01 8.243218578311674039e-01
5.888188959895324093e-01 9.490539269373934328e-01
8.067914045244068078e+00 1.004449885476489612e+00
9.715818111146649727e+00 1.886855057742337083e-02
2.919060011500756779e+00 7.445068978758302425e-01
2.872584480863435985e+00 3.300339443838404274e-01
3.141114664298216841e+00 5.006278350795542176e-01
9.182285257769260411e+00 1.063927528260285138e+00
8.946220380974012620e-01 1.673240519577940955e+00
7.369235476174630151e+00 1.837331080051648469e+00
7.790953817329338005e-01 1.378313779494620750e+00
2.196034733450045184e+00 1.742308244300719622e+00
2.020979698407065150e+00 9.103688009472759024e-01
3.194745142763625090e+00 6.991838966470548256e-01
9.381548166778973297e+00 5.852818328467767062e-01
8.899229725484683939e+00 1.123560058996540878e+00
2.324575596588883464e+00 8.976299339887326978e-01
5.913363755819628587e+00 -2.203158111868606661e-01
2.436689206966806687e+00 1.138817977272233772e+00
8.752250333588851294e-01 1.023930986657547004e+00
2.140567292330772808e+00 1.344605039292546600e+00
6.888665911863977698e+00 1.511702591048879718e+00
8.277205595990569265e+00 1.131684299209011257e+00
8.710528624664350517e+00 8.554808487016339891e-01
6.308166701395756526e-01 1.363238860969102184e+00
7.796434826768217086e-01 1.392097166255585217e+00
3.819130049681671579e+00 1.942379200215362811e-01
4.955139156880433937e+00 -1.021177917570961213e-01
8.592981359021184318e+00 1.522215169356400111e+00
2.176905173601086929e+00 9.033079847145397689e-01
2.106315526488261369e+00 1.535746354585592721e+00
8.996252751820668081e+00 8.363448490972879013e-01
6.217798565318329196e+00 4.185933360529199287e-01
1.516279063813745775e+00 1.644465611449395848e+00
2.095086338735300480e+00 1.785236893067812636e+00
1.825664530947094244e+00 1.204442704848692980e+00
8.682155590071380047e+00 1.300307614372449461e+00
7.471552043396965104e+00 1.031715221341472422e+00
8.120844559864559553e-01 1.177625905495329750e+00
5.056669462635728252e+00 -5.207674344687597268e-01
7.656867148686411717e+00 1.114079168910628859e+00
4.054982060225444052e+00 -1.888969199570874613e-01
6.665165694455649437e+00 7.158826526742734231e-01
3.126133136820040903e+00 7.820163612735512304e-01
8.388583262753538605e+00 1.584661582824544057e+00
3.091366908961836746e+00 2.594227250515091510e-01
4.947110902257291443e+00 -1.047772723504547532e-02
1.399199398688484308e+00 1.762621639331486634e+00
6.404995591660147980e+00 1.625563351581724159e-01
7.302652451300078340e+00 1.517302264862411043e+00
7.521188845193893524e-01 1.159497414937773474e+00
8.729931408842944052e+00 1.329434685870922950e+00
3.667127865032028033e+00 4.484733143730913474e-01
6.795277731079253591e+00 1.124612415185403558e+00
5.154849352494692560e+00 -2.290924971807809518e-01
7.883172686534933860e-02 2.118434115608123225e-01
5.561962852159489046e+00 -4.166804391290527265e-01
9.733892621636895726e+00 9.641326268190031357e-03
4.856014889756822939e+00 -8.873521630671059590e-01
3.933546405563820514e+00 -6.852322569874288449e-01
3.090527154531785836e+00 3.955037944778664882e-01
1.197263117947906519e+00 1.665925093339676977e+00
9.501075683564227603e+00 7.305850376215997644e-01
5.407367483208348702e+00 1.452301600377313706e-01
7.196928682756757567e+00 1.623305593826301685e+00
6.674864093679735433e+00 9.269349144744846170e-01
2.265024033436402462e+00 1.491388889069027002e+00
7.634627283849371171e-01 1.053483724333621696e+00
5.999453478781175519e+00 -2.152255352927532339e-01
2.168134897721274434e-01 1.006060182229346234e+00
9.809906364885787156e+00 -9.537953639954821483e-02
9.727072502731303416e+00 -2.910983527013671357e-01
7.340509781330103678e+00 1.275564341160367210e+00
9.642521869932542344e+00 2.879414801840539662e-01
3.415387727570858623e+00 2.737201175032236145e-01
9.813501362603206601e+00 5.734125424140226190e-01
5.052583700476406037e+00 1.125305673685739194e-02
6.011543885840695545e+00 1.656239679451909086e-01
8.507082957244143984e+00 9.613381316224723916e-01
1.940239192459400908e+00 1.306640101877285742e+00
8.852563928055404929e+00 7.913021760055368725e-01
8.669318433540157187e+00 9.674309459746303075e-01
9.178004848436369656e+00 4.421191016282652320e-01
8.585586212379929805e+00 1.671331850197620650e+00
2.637802649759548590e+00 6.309756900038328009e-01
6.087197283678102977e+00 6.726504501902557109e-01
6.233182526782816701e+00 2.112552722265898242e-01
7.003980049805603514e+00 1.236794496885351702e+00
8.729069668838619123e+00 1.408638822919396016e+00
8.203637214697677038e+00 1.004747379290976905e+00
8.533355966411303228e+00 1.084401280537340861e+00
7.522006252716546548e+00 1.665334400493946099e+00
7.793022508675981896e+00 1.306431145336043320e+00
9.513213445288728920e+00 7.579290500248784257e-01
2.784396210832318364e+00 5.171457471638336578e-01
1.272023225313863026e+00 1.015620438996452712e+00
5.317910303756800516e+00 -2.152848899889195922e-01
8.313540327458659007e+00 1.493279772065402966e+00
8.110501169363340424e+00 1.434480536423663688e+00
5.590671433990501704e-01 1.477609212601177502e+00
4.173394293052851367e+00 -4.516700159575641749e-01
7.157106864726594964e+00 1.054511863598746491e+00
2.170647185264567902e+00 8.385515937016895238e-01
6.428385870990770634e+00 7.929310199697067185e-01
2.546853406221737615e+00 1.336991543394493664e+00
5.419839737727847329e+00 1.154873392603725790e-01
1.552266097554075852e+00 1.252806733844048059e+00
1.626941635986853818e+00 1.661176528086318660e+00
7.470625297925605146e+00 1.137390237159215944e+00
7.781201674508002597e+00 1.823999743298621912e+00
1.062906839489209387e+00 1.170012844365478699e+00
6.632227458253010965e+00 9.966869502729986952e-01
9.679779586680350434e+00 4.209921457052678284e-01
3.792033183700890042e+00 3.544186555879449418e-01
2.488702794165582599e+00 1.350859015367264826e+00
2.578134425669260654e+00 8.563743053567535179e-01
3.934684847029754629e+00 2.314026176134637014e-01
6.386824199265817015e+00 7.221947017841826577e-01
9.051501031291175892e-01 1.483499121705314838e+00
3.830926349928158725e+00 1.700389920643755604e-01
5.712206685033390130e+00 2.853708731178169478e-01
3.291534909897348982e+00 -6.132621376470745456e-02
6.052730116764780455e+00 3.116459101819430422e-01
9.878039341713412469e+00 -2.769175690017812164e-01
9.787997083783473329e+00 3.892419871240214713e-01
2.150463054150442144e-01 1.004875845861274986e+00
8.844734757411627513e+00 1.535595236810339159e+00
7.210813283915292971e+00 8.617604698375065375e-01
9.389435036247373745e+00 7.754801830061794354e-02
9.017600876648357300e-01 1.422400597855963067e+00
2.390362895079494177e+00 1.654908227944790866e+00
6.393770490880426038e+00 9.982084503089240224e-01
8.639500281570015261e+00 7.247245257948721209e-01
7.444900554475848864e+00 1.161786017127300230e+00
8.068938267064179826e+00 1.556217788386708989e+00
7.882752236848094896e+00 1.980086636199207550e+00
9.649364193434873727e+00 5.150093143238612114e-01
2.188749418308656658e+00 1.091743500740528283e+00
5.901034727949140191e+00 2.845213876897779159e-01
3.035349858523794797e-01 1.161784951231479068e+00
6.591950977815626445e+00 3.482966892768167289e-01
3.508084902201008326e+00 -2.720769707419730676e-01
4.962600293149142416e+00 1.152958170467266452e-02
6.332250458392042702e+00 5.659103807520305951e-01
5.019565405781135858e+00 -3.385585307877497785e-01
4.916937035045515714e+00 -2.968812860796269382e-01
7.596180430229981795e-01 8.168928998880083947e-01
7.385549927181305208e+00 1.135279186292359466e+00
6.492134276009114302e+00 6.554304584597905325e-01
2.978057628340915475e+00 1.777867517478945170e-01
1.919594928749712714e+00 1.417911612270234434e+00
2.471375356968761317e+00 1.354558503572993677e+00
3.508411041371214623e+00 -2.200160124445619814e-01
5.540108031495933005e+00 -1.865090129980022660e-01
4.003733767614137129e-01 1.123526071848541807e+00
3.137145787553502707e+00 1.651538340824557360e-01
4.351908199058382998e+00 -4.443551156713576589e-01
7.483363879782245487e-01 1.290791104598156824e+00
2.134766018710459790e+00 1.634378093392953479e+00
4.794335376610669996e-02 4.768947058312134613e-01
7.491399238903598601e+00 1.565591513135735857e+00
4.023929165174098266e+00 1.826411707731983025e-01
5.147445349997501474e+00 -4.341740916331683353e-01
6.327509175867519708e+00 7.282759019900386654e-01
8.161350927411827882e+00 1.721098123317523321e+00
1.874669633267490587e+00 1.441426292600587633e+00
4.705311060176406990e+00 -4.928029369177576724e-01
7.178275092474253327e+00 1.254583874859704906e+00
1.721986566265263363e+00 1.230353376082636618e+00
6.691808562934750348e+00 5.119121400785031639e-01
8.202255270379909646e+00 1.192731884396018849e+00
9.550125254219935300e+00 7.034170110449268210e-01
6.226332335608358193e+00 5.932133478935716631e-02
6.801913551113925926e+00 5.452375817713146500e-01
8.256060839342275415e+00 1.133326191469341104e+00
8.996866763618449170e+00 1.092315197654941672e+00
8.291406785595237139e+00 1.770341574017492370e+00
1.615046732775293759e+00 1.266904377345304811e+00
9.793306448431065903e+00 -3.114315756739906016e-01
1.329631643724654699e+00 1.866574678048732228e+00
7.659874367081517477e+00 1.510261720467596103e+00
3.181631210833921752e+00 3.032150935281295312e-01
2.884709592566151670e+00 5.686859395956569418e-01
6.049642610959460320e-01 1.459019209809010675e+00
6.315280644732650828e+00 1.728778906240141522e-01
4.294698619732484346e-01 9.178384891284654401e-01
6.787167694518823069e+00 1.042903360239307631e+00
7.319529932165201203e+00 1.420637360178928166e+00
9.187394159809795013e+00 7.296439796359892593e-01
6.645509560549893280e+00 1.063412922044640219e+00
8.446783683360873596e+00 1.063397546130667504e+00
9.019362238443642710e+00 1.261154676007842479e+00
5.538838360209094702e+00 9.935082828102181907e-02
9.871430240253193489e+00 1.361074161852667275e-01
5.060740042448394149e+00 4.603755851402990817e-02
9.019017082790201201e+00 1.223021914267153676e+00
2.059781296306870679e+00 1.063713993769091370e+00
4.025260453985493037e+00 1.690901082021999402e-01
1.778571396708277241e+00 1.973251254195013349e+00
3.940704468760634960e+00 8.429900004779389278e-02
6.759490584349943099e+00 8.484638619384858860e-01
3.499284806493881739e+00 -1.213350368931432333e-01
2.388875567955045298e+00 1.616061720988777095e+00
8.311402168670957380e+00 1.151051092544960408e+00
7.001690508411483549e+00 6.982297232528307251e-01
9.309263543069323799e-01 1.596684994677177727e+00
1.023976143210381107e+00 1.341224710439985257e+00
6.575909126479031030e+00 1.102720039782714379e+00
9.777760014187805382e+00 2.090348997319715907e-01
6.743408365049067044e+00 1.065393022908797782e+00
5.422700864396956533e+00 1.907785501136670669e-01
8.347702398105061317e-01 1.356569387115795333e+00
9.170081863099191821e+00 2.758604404430516355e-01
7.183817556500907919e+00 1.076514755881857077e+00
5.687906997470957293e+00 -4.859992909432547803e-01
3.227126102927038165e+00 2.468531611594430852e-02
8.543787953925768619e+00 1.445837488644221791e+00
2.066189908579223466e+00 1.558510427632730178e+00
3.642268313992756745e+00 3.634273462642960695e-01
3.438778115333329666e-03 3.326562764693570262e-01
5.496199131338865840e+00 -6.819505254267702599e-01
4.204664179559984838e+00 -2.291210309544372548e-01
3.102183269284697342e+00 2.905041687110504478e-01
1.029340084628855845e+00 1.255722950009532157e+00
6.984393687781098592e+00 1.556211863666432382e+00
1.894560392224053924e+00 1.309344240547518634e+00
1.462662621677752739e+00 1.157474352103414095e+00
7.510803893697507228e+00 9.421655394038843667e-01
7.533946631575213715e+00 1.503685784472532871e+00
1.166761712054973366e+00 1.683706869972037445e+00
6.945415198441599713e+00 1.479661647680347247e+00
2.336528073214142687e+00 1.075707735961387357e+00
8.772333469290259700e+00 1.076743981445087428e+00
6.395098460227450765e+00 8.406945907878051738e-01
4.432433986572333673e+00 -4.143146271056346031e-01
2.687793250549359581e+00 6.700805145951620467e-01
2.813756951045593979e+00 9.860255552259717948e-01
3.472750311787227151e+00 3.612349845536488857e-03
1.773660137089267952e+00 1.484103314744124935e+00
9.111426453172345674e+00 4.640645884062776227e-01
2.600295374837677809e+00 1.304609217090652251e+00
6.898911764881154873e-01 9.170950297756423897e-01
1.524767157770161585e+00 1.165050876494874821e+00
5.659384550934182911e+00 -2.670036892451658206e-01
6.268208672918039071e+00 6.540145963360121106e-01
9.931785256984555943e+00 -3.789642791496900531e-01
6.362922681671521197e+00 5.392034573001397435e-01
9.839120478119245394e-01 1.603352798525842005e+00
9.658860555325697206e+00 4.778805437783597010e-01
8.621756842050942726e-01 1.233260117782920773e+00
6.192224856809359856e+00 5.302942677360463763e-01
1.963084389877062241e+00 9.308754354827571964e-01
4.778896936682404117e+00 -7.141670607909127444e-01
8.026908745307011372e+00 1.075428421179298155e+00
7.101656807614920908e+00 1.153602956599700358e+00
9.575980838218045577e+00 5.151547014156808713e-01
7.767450098331650565e+00 1.361333063006528121e+00
9.814169696490878891e+00 -2.955525900055639976e-01
8.669429430834039607e+00 8.611338682338346429e-01
4.695148030406514295e+00 -8.464506529529178813e-01
8.752080108265247738e-01 1.206410072063363703e+00
2.080363714384349194e+00 1.434079596394425948e+00
4.168546090999969422e-01 1.287973097134369027e+00
7.943762511574167462e+00 1.795270036591172236e+00
4.565616870974109620e-01 8.335626831539925119e-01
9.627662524668572530e+00 7.550534996656033115e-03
1.619489812525415351e+00 1.269697048572440146e+00
5.551109433071285792e+00 -4.869734523569578810e-01
8.178622115953773530e+00 1.532162796801471938e+00
7.214868008140397748e+00 1.274614204164022713e+00
4.111721005607095414e+00 -2.625648526986962272e-01
6.056484661173299422e+00 -7.027644756371767554e-02
8.887741686819989440e+00 8.255284113963928805e-01
3.034893419998224928e+00 4.823683371555697597e-01
5.260718878015433475e+00 -7.205386916169758127e-01
1.316690315462986094e+00 1.335814126513809486e+00
7.355827269568471216e-01 1.028040576994702970e+00
9.871573023498232402e+00 4.015821463769320143e-02
5.484064239852839862e+00 1.461375884293885097e-01
2.132865672090777931e-01 3.505239927511095699e-01
5.107075568686783029e+00 -7.336616247424834203e-01
5.363840312904211149e-01 1.287385321378267777e+00
2.188382954315043705e+00 1.241885270017157872e+00
1.968478115097538339e-01 8.661059934793088333e-01
8.973997145076866744e+00 6.438795514505450956e-01
2.131053642426428141e+00 8.888337362555317478e-01
7.103407167349199192e+00 1.580896369629413822e+00
3.380615330097171967e+00 -3.777151145770302199e-02
5.578776694619368648e+00 1.562997198481483885e-01
1.628391199904686282e+00 1.315047342812261100e+00
3.030463096221663655e+00 6.527683294822248516e-01
7.518135807116804514e+00 1.377860602717357441e+00
7.751373849889322543e+00 1.058334786069849542e+00
5.962611820612675473e+00 3.557528932675574906e-01
3.665641103124483990e+00 -1.170558190513090180e-01
8.458893275698159187e+00 1.147979460898175930e+00
7.174358306349773784e+00 1.223819192808223821e+00
9.725075145276441901e+00 -2.079897049312223745e-01
8.781667362728603266e+00 7.622668939420033096e-01
6.972369965423895977e+00 7.484790885520656856e-01
6.412776713405699880e+00 1.078340523764357517e+00
4.677080305728575915e-01 8.260474149589074333e-01
9.322838879336787343e+00 2.073052494413174518e-01
7.705044656599391306e-01 1.147748504330824204e+00
8.765299606624452622e+00 1.357825308605736581e+00
4.063002294515012380e+00 1.650021051991379384e-02
1.605660882097935671e+00 1.042308386221654004e+00
9.957006457509787190e-01 1.170544182948673573e+00
8.535053612436957593e+00 9.249972441703399051e-01
1.865904041205781461e+00 1.766918530755151373e+00
8.489863939612263266e-02 2.519023333707369749e-01
5.784124344507731941e+00 5.138271823135809324e-01
2.889283491727767661e-01 1.111708578601844355e+00
1.923508620341617403e+00 1.182807723272070177e+00
2.615665121277971572e+00 1.477355971045415606e+00
6.063664075047406676e+00 4.513335505027310512e-01
2.794310773274688575e+00 4.988075125000590582e-01
6.035669837122576098e+00 2.831933740097337671e-01
9.730490039582999628e+00 -2.867110398984110686e-01
6.041512613414265154e+00 2.454305722062531947e-01
1.790508784341812154e+00 1.368493877562181327e+00
3.438485534577500058e+00 -2.597438164801981753e-01
2.836351438373749811e+00 1.022483603925905093e+00
4.575825463058275311e+00 -3.403238801516541567e-01
7.410518546200258960e+00 1.482653260487904134e+00
2.300759469616240338e+00 1.275224068417784462e+00
8.914477185415599081e+00 5.305323203926516351e-01
8.835396521507307810e+00 7.413211997094187877e-01
6.928104761498575570e+00 8.179189344250490379e-01
5.926142037174455979e+00 6.472755419422846490e-01
8.267062386262850282e+00 1.361762900935794995e+00
5.648306563476673148e+00 3.166808925311667133e-01
2.125570058193073653e+00 1.531600424365486379e+00
4.627210875419915048e+00 -2.493969574720757976e-01
7.476286142719812400e-01 8.066208394097537093e-01
8.531793964513047612e+00 9.331276477536547542e-01
4.179323015113920903e+00 -3.663622771292018854e-01
2.618448863036828556e+00 1.018613648691132578e+00
3.834022975703443858e+00 1.072438196864582416e-01
2.890034663597140785e+00 9.154691504303220650e-01
2.389459823866790789e+00 1.190021757493500143e+00
2.673413360788345905e+00 1.344996968107593283e+00
2.534081311221791921e-03 3.649159124615921623e-01
2.326343232838656849e+00 1.640308680262398955e+00
8.961611303928970429e+00 1.390941793460622300e+00
6.274142543827857743e+00 4.244097944202445127e-01
4.825800873324139317e+00 -6.160061747583557290e-01
8.075255061655241207e+00 1.282868423894302223e+00
8.552900367030076723e+00 9.577995303132543770e-01
2.401544068766461315e+00 1.074985034352976321e+00
7.699362502340916237e+00 1.528337764365713003e+00
8.947992896092660686e+00 1.450273174573572854e+00
7.161764397904805790e+00 1.610318161824215943e+00
1.761951362640401531e+00 9.842748630958670919e-01
1.589672627996655541e+00 1.455468387652226081e+00
3.571758876918076364e+00 -3.255967134533325202e-01
2.951666705703919202e+00 1.043688897584468034e+00
9.476567790160391525e+00 9.344213581652027756e-02
3.083725599316911037e-02 4.042820306322942869e-01
5.921060733190580905e+00 2.818982132471157254e-01
3.733375056371249556e+00 2.648320495746332437e-01
1.992120814968940667e+00 1.463662640812586346e+00
3.700124837971806357e+00 -3.312709420224735357e-01
3.425761234345253925e+00 6.332680076175083439e-01
7.184704251707330069e-01 1.633507703964763857e+00
3.387466779311221199e-01 8.067318758681012447e-01
8.997390238407408702e+00 1.367139993113256180e+00
2.517116955756484309e+00 1.472509181075771334e+00
5.810957148436130204e+00 8.980567589423166242e-02
9.754030392571998220e+00 3.897572957829158469e-01
4.070471255419493062e+00 -7.525520340932488894e-01
1.134584350877831938e-01 5.730774031734333640e-01
2.173378682307074428e+00 1.769313038511475922e+00
2.998661837921438256e+00 6.544410232491693069e-01
9.036237163790312721e+00 6.780318686375653714e-01
6.407987270760644449e+00 3.724800156933183448e-01
9.036042018329608183e+00 9.725814017543561452e-01
7.885547563352906408e+00 1.030677216388520057e+00
3.561609867456498879e+00 5.537213530349394119e-02
2.150456354383880608e+00 1.376639509341250012e+00
6.965482410334089991e+00 9.125830938718114682e-01
7.280265634332927505e-03 7.334757933033527084e-03
3.313039044118123222e+00 8.271847344923124457e-01
9.081289940672480299e+00 1.318197028909035229e+00
7.364140869110378240e+00 1.188846194105585674e+00
8.829617020431500762e+00 7.052616221625532811e-01
2.590454564193493070e+00 1.118451168690407727e+00
6.604669737602351098e+00 1.001915994045985414e+00
1.020816939605272422e+00 1.766809977030242340e+00
8.928157821886906209e-01 9.838458248074745116e-01
7.013833945733728648e+00 1.290062206568300063e+00
6.240331723018322840e+00 2.214280443226535749e-02
8.419046642056564167e+00 9.362184888931069926e-01
3.529484451037798731e+00 -2.177119403653769436e-01
9.918475730762034814e+00 -3.538952993530810054e-01
5.748530434374283793e+00 4.513916859496227563e-01
8.401601996180193765e+00 1.535191101200553909e+00
1.647039184542852253e+00 1.832510297495822282e+00
7.318532909202389192e+00 9.346224152492271786e-01
8.285040404350544563e+00 1.315444079345687634e+00
5.699201098737438631e-01 1.147312398174981318e+00
4.378898360631429121e+00 -3.070840400219327915e-01
2.814750885955072057e+00 6.496225907853934167e-01
7.642452728881652391e+00 1.432985926147756439e+00
6.164708191008097415e+00 4.374566012277986138e-02
1.623333865257496900e+00 1.690755444750385639e+00
8.630066062216554812e+00 8.986352639474780579e-01
2.783470664182835286e+00 6.728107500689931575e-01
3.774939730742726596e+00 -1.624731839954723922e-01
7.844363607452277343e+00 1.168668087980175851e+00
2.733575220782511472e+00 1.091229142634742910e+00
2.160447212185364840e+00 1.334037793729171195e+00
9.481824256622987335e+00 8.066660762286131936e-01
2.893890671921527158e+00 1.183464719076895211e+00
8.377763450956045688e+00 1.478362175531954925e+00
5.476297112225891883e-01 1.206870914150575125e+00
5.821064157966937547e-01 7.325708489873372642e-01
4.553932170489448872e+00 -3.886912189366842352e-02
9.599659496479673315e-02 2.313257302609064703e-01
5.743104354226415964e+00 4.382666824430769825e-01
6.961916012070084037e+00 9.894635016111448245e-01
1.346051319056392748e+00 1.595787601701151637e+00
8.912185928017603231e+00 5.860915539525146656e-01
4.885501715335914596e+00 -6.667901236497287831e-01
7.506299575774506572e+00 1.015477524697576683e+00
4.552816844018420461e+00 -6.456135273561591781e-01
6.453120287523202769e+00 4.744648336304098102e-01
9.623662083526268063e+00 5.312832260176999499e-01
9.804305958292756529e+00 8.162544795940729347e-02
8.668630323540192251e+00 1.403470834860185867e+00
7.938474293228170442e-01 1.645467508105953103e+00
5.585882321579482834e-01 5.727968635449725010e-01
2.463906926685723864e+00 1.472277882197504884e+00
5.535473429498559028e+00 8.180425914662536879e-02
8.382340262558130917e+00 1.371466899959868702e+00
6.344021943724705181e+00 4.482639170759520897e-01
1.691562729841614710e+00 1.540336173587275592e+00
3.546031231497210889e+00 -2.821423442933396197e-02
5.817373094022322277e+00 -3.114015402847192249e-01
9.880773592587599907e+00 -3.378647060272111369e-01
1.568659968990616660e+00 1.961928756537975271e+00
8.251024013491200293e+00 9.345474050783041386e-01
2.462257367712761269e-01 2.855569014997794697e-01
1.440390397766300179e-01 7.660829372541198001e-01
7.845301699552054586e+00 1.892209136283139692e+00
4.096217642421669858e+00 -7.362055720898053046e-02
9.306327681223708126e+00 7.640376082634060539e-01
3.572142838608949322e-01 9.586722947536336914e-01
2.755217886567108643e+00 8.160200917299378354e-01
5.942471580399864450e+00 5.468668521752351186e-01
6.591892877510828974e+00 9.634443273922523865e-01
3.090988446652117361e+00 9.139798046745033488e-01
7.888047098629068721e+00 1.184425019468698492e+00
6.817912263352940094e+00 6.687056959189117133e-01
6.019672027259170832e+00 4.574835904669182773e-01
5.889508405815591097e-02 7.914720242249089210e-01
1.622653672555811610e+00 1.189685023489633675e+00
9.093148916445022323e+00 4.732275102245892540e-01
3.031442179659165959e+00 9.778839464388645597e-01
6.769268935755128780e+00 8.603474311227707894e-01
4.926817662046886426e+00 -5.755254676465080266e-01
3.452279036586716199e+00 2.668037038179599252e-02
8.981669909398533491e+00 5.575457262789477175e-01
6.629343743789032573e+00 1.254020323441817464e+00
9.299489949202152772e+00 8.201914352016912435e-01
5.117323325586076166e-01 1.485326721550592310e+00
7.142101333980561684e+00 8.202972200235726374e-01
9.268922106951999140e+00 9.580070040001459342e-01
1.999809632122562242e+00 9.445850447781791726e-01
2.859220649711128104e+00 1.134777878259878303e+00
7.524578684409487295e+00 1.519832313533751034e+00
3.603974823279213702e+00 1.712629548969494264e-01
8.625368248701470453e-01 1.157011546756206100e+00
8.572682871123634030e+00 1.570679862735578247e+00
7.934247621388907490e+00 1.983483204464770777e+00
2.412680919369223353e+00 9.346312244816499248e-01
3.759703948105487470e+00 -2.973739949243116021e-01
4.734331446485428252e+00 -8.252805870542124778e-01
3.628257036961637372e+00 -3.441582002879180480e-01
6.454294731743414282e+00 9.035298234961874897e-01
4.450902737837763468e+00 -1.634245626456763967e-01
5.293634029745517111e+00 -1.775925204295003557e-01
6.556623054545736018e+00 6.393253709790445161e-01
7.656407580074734653e+00 1.526802048456367134e+00
1.273314484362069177e+00 1.937651575024852857e+00
7.251790025012966545e+00 1.359087812089751601e+00
7.728601467260929780e+00 1.310214751254802357e+00
5.753166294898425903e+00 -3.844379412401858209e-01
5.993688034873701831e+00 5.116437739458892242e-01
3.223747635023250790e+00 -5.897008959926676452e-02
4.860286802911819137e+00 -7.624496047595779036e-01
7.007850722393373033e+00 1.155663545061525355e+00
9.431319036571570891e+00 7.690382893539566833e-01
5.308098838286855248e+00 -2.181436625412427333e-01
7.312372427104594230e+00 1.720942331195268515e+00
3.222527974290004593e+00 8.607729986249116338e-01
5.684537793979443698e+00 -3.195075398427820179e-01
2.357396937749584254e+00 9.657438842016869973e-01
8.813338865167519298e-01 1.300752048722191745e+00
2.258808245523711289e+00 1.022498421547161529e+00
2.987574522120811871e+00 7.874521286068104642e-01
2.048120188009128206e-01 4.955419408209217891e-01
7.177901025546670866e+00 1.163346050544753485e+00
5.341869843016444630e-01 1.192018732883703080e+00
7.211941271744546356e+00 1.692679261152364223e+00
9.241860959147907284e-01 1.109634695693633155e+00
2.416609255627370167e+00 7.899242563620501034e-01
6.524296288542022815e+00 3.601880987295513759e-01
3.236161348153695272e+00 8.794109662681983686e-01
5.610188481350258272e+00 2.452011375542927363e-01
7.965104500661174036e+00 1.759984698634839084e+00
7.704305209350883032e+00 1.491196310656525581e+00
8.095671705599022161e+00 9.826088995489989930e-01
7.705274868093722418e+00 1.845615513755561432e+00
5.911829016209902754e+00 4.326275999258001326e-01
1.559083827932132849e+00 1.733087867021851913e+00
7.385009265495759756e+00 1.648944263667921906e+00
8.136947147702622729e+00 1.514314675377422592e+00
1.011504521078010477e-01 7.878782423290622283e-01
8.710281395447228903e+00 1.558717446184842537e+00
7.377697874272584500e+00 1.121140350695178478e+00
8.485737214340296930e+00 1.123968726454929623e+00
2.201845146276444343e+00 1.652970200886573870e+00
5.910532588727858361e+00 -3.018031246777637677e-01
6.255620033965541893e+00 2.383034165333587293e-02
2.212091876252503475e+00 1.027947436496516875e+00
4.720475161836568123e-01 1.413802328863135171e+00
4.662712549522214367e+00 -3.203470426003056648e-01
8.174886961976921995e+00 1.618740915085269183e+00
8.699208464390489226e+00 1.057399202634468960e+00
9.382588914881287323e+00 7.172062656024599248e-01
8.753173304820659695e+00 1.214383756516669299e+00
7.715779550663082187e-01 7.968854058624255110e-01
2.385378639855813887e+00 1.381737247751534392e+00
7.110469926817324371e+00 1.535930213360843677e+00
4.767383221245182767e+00 -8.583627985553232698e-02
7.532516593799323701e+00 1.251565385972790878e+00
9.486557588484693326e+00 2.274842240158072570e-01
6.602747138741365873e+00 9.342033420970501378e-01
7.324263785422052919e+00 1.140092883173029037e+00
9.191692564272102572e-02 2.602984899746376701e-01
1.863176741603811415e+00 1.188536588560838325e+00
4.245433882878847598e+00 -6.804687072490516186e-01
1.210010793351478098e+00 1.499805618459373324e+00
1.951564592932949482e+00 1.433873738605483172e+00
3.241055437668890704e+00 8.513053308882657655e-01
1.210564487966092617e-01 2.940491959707515757e-01
2.068102606108524810e+00 1.465576399833572907e+00
5.237852651329832021e+00 -1.913943662952645175e-01
1.710524488146745181e+00 1.410067120480794856e+00
7.568673955104887607e-01 1.476587923494813825e+00
7.091419314015446673e+00 1.379028271571741904e+00
9.629323920537327552e+00 1.614570973456558867e-01
6.644832010903831687e+00 7.218017186227956294e-01
1.169159831597880173e+00 1.622909289792200616e+00
7.124580752810717676e+00 9.151782019183838379e-01
4.898987994734421036e+00 -7.747152842668810768e-01
1.992379565390314244e+00 1.800105908185140713e+00
3.128571295844336575e+00 9.387914589099343177e-01
9.552572963991432076e+00 3.109952092943824020e-01
1.616756060295299058e-01 1.016641832894170872e+00
4.090145291041902276e+00 -1.591812605311380135e-01
5.201935021960365724e+00 -7.418498012423911936e-01
1.489655103092475397e+00 1.570104863379911952e+00
2.691668689564041816e-01 8.792423345608300078e-01
2.151124383286802111e+00 1.321138410390571449e+00
6.079640104623589281e+00 -5.750508501679818529e-02
5.672563138341429223e+00 -3.661350604781817841e-01
7.515941093459231226e+00 1.108136046440662437e+00
6.728630733954140908e+00 1.338604677088941042e+00
8.313150361793015364e+00 1.417998856142993702e+00
1.578280398318491207e+00 1.861197710909288316e+00
2.059644769313557777e+00 9.775863262858534020e-01
3.927167850270222083e+00 2.570040609957285893e-01
1.550766255592429532e+00 1.814507813802392899e+00
3.541758811652556460e+00 -8.852780282235434006e-02
3.577261410710433687e+00 -1.622886389314835975e-01
7.445590165710238573e+00 1.564224414743514036e+00
9.310075154104879847e-01 1.071857638105968569e+00
9.043353923536770367e+00 8.912356538929895322e-01
3.298835597013238807e-01 5.246193406724235508e-01
6.594659307111414570e+00 8.222166456142061541e-01
6.203730365023241156e-01 1.110379714039040344e+00
2.245004725806791779e+00 1.726302254182794149e+00
4.212357565789359715e-01 5.016256779600772875e-01
6.984432472544543913e-02 7.870712821282219718e-01
2.961273804210216021e+00 4.604943970814929788e-01
8.897822360931895158e-01 1.637580476803769836e+00
