 6.03063456e+00 8.54723198e+00
 6.13475046e+00 1.02142939e+01
 4.55778396e+00 1.44958833e+01
 6.98960476e+00 6.84462496e+00
 -5.71191857e-01 8.39733429e+00
 5.14881965e+00 1.11054660e+01
 -6.04684576e-01 1.00739840e+01
 -1.19130385e+00 6.71492716e+00
 4.18042954e-01 7.96747788e+00
 1.73363807e+00 1.16123388e+01
 2.89820546e+00 1.36650917e+01
 -1.13015906e+00 7.28611652e+00
 4.21661407e+00 1.17536025e+01
 -3.42318648e-01 9.60253993e+00
 7.76799309e+00 4.96580714e+00
 1.84150109e+00 1.37685370e+01
 6.39845058e+00 9.75888453e+00
 5.05088095e+00 1.57439224e+01
 -8.53894716e-01 6.39796892e+00
 1.48712630e-01 1.00499960e+01
 4.88346119e-02 9.30994973e+00
 -7.43975254e-01 8.27065477e+00
 6.18301753e+00 8.08801017e+00
 8.84548907e-01 1.12670452e+01
 4.80785804e+00 1.21609259e+01
 4.95624644e-01 1.02559121e+01
 6.70621480e+00 8.66026392e+00
 5.71852548e+00 1.01618150e+01
 5.40450262e+00 9.48744744e+00
 7.21325269e+00 4.98428193e+00
 2.87782076e+00 1.63706749e+01
 1.67837946e+00 1.30680457e+01
 5.62448879e+00 1.30737499e+01
 2.55401349e+00 1.47662614e+01
 -1.73671788e+00 5.66988893e+00
 1.76868805e+00 1.17817260e+01
 4.62245154e+00 1.33002440e+01
 -1.48688934e+00 5.97396141e+00
 6.37928872e+00 7.04468566e+00
 2.23608537e+00 1.60598183e+01
 4.77435968e+00 1.45045165e+01
 6.53983967e+00 9.73973649e+00
 5.76904296e+00 9.68852892e+00
 3.24670114e+00 1.51126943e+01
 3.92703218e+00 1.31259462e+01
 -1.74552884e-01 9.55475417e+00
 5.87867259e+00 9.64796138e+00
 4.67865687e+00 1.32958080e+01
 6.81750068e+00 9.54487270e+00
 2.27098066e+00 1.30138984e+01
 4.05096785e+00 1.32111359e+01
 4.96725781e+00 1.49605608e+01
 4.32962108e+00 1.54929502e+01
 1.30118244e+00 1.03333800e+01
 3.02675105e-02 9.14825741e+00
 4.88576437e+00 1.36058075e+01
 5.43735412e+00 1.27747217e+01
 4.57361535e+00 1.62789260e+01
 6.75218376e+00 8.96455971e+00
 4.31826198e+00 1.67406177e+01
 3.40682441e+00 1.51789823e+01
 2.29447793e+00 1.38058773e+01
 -8.28702281e-01 7.98431319e+00
 9.33072958e-01 1.17406722e+01
 1.87620030e+00 1.29057613e+01
 5.86295208e-01 1.36021334e+01
 1.79092523e+00 1.28723350e+01
 3.86990392e+00 1.40784433e+01
 2.27090403e+00 1.46057887e+01
 -1.35558665e+00 5.58221409e+00
 3.11739919e+00 1.36682006e+01
 4.34116219e+00 1.49919927e+01
 6.81595442e+00 5.65075764e+00
 9.45858182e-01 1.34897076e+01
 -1.40102402e+00 5.35702101e+00
 6.68853193e+00 5.44351752e+00
 -6.95830728e-03 8.60301928e+00
 6.01314199e+00 1.19297036e+01
 5.55908634e+00 1.30942391e+01
 2.24816996e+00 1.39661544e+01
 6.88893662e+00 6.60831532e+00
 3.82653305e-01 9.57004528e+00
 4.02616613e+00 1.45897076e+01
 4.57563545e+00 1.34848668e+01
 5.43812532e+00 1.10685798e+01
 6.32817387e+00 1.05477217e+01
 3.08624166e+00 1.35960390e+01
 5.60939901e+00 1.18691106e+01
 6.70459263e+00 1.18762716e+01
 5.94846799e+00 1.35491304e+01
 5.88733446e+00 1.24295136e+01
 5.25521292e+00 1.43389896e+01
 5.68782761e+00 9.16698801e+00
 2.31037165e+00 1.27752730e+01
 6.71347798e+00 7.22022990e+00
 -5.19762052e-01 7.91619034e+00
 -7.21518152e-01 6.87777430e+00
 3.85910144e+00 1.45633478e+01
 -8.21808406e-01 7.29053414e+00
 3.00546895e+00 1.27679157e+01
 8.33475780e-01 1.11781124e+01
 7.25026551e+00 5.62347567e+00
 3.35350790e+00 1.42534528e+01
 3.76754789e+00 1.52962280e+01
 5.19757483e+00 1.59601847e+01
 1.57878182e-03 9.01749324e+00
 1.02793387e+00 1.17668134e+01
 3.61234620e+00 1.42368203e+01
 2.36958390e+00 1.39174440e+01
 -1.25490615e+00 5.87832160e+00
 -1.00064821e+00 7.73613421e+00
 5.46717333e+00 1.04035731e+01
 7.03271722e-01 1.24307939e+01
 6.48054626e+00 1.23964250e+01
 4.33077421e+00 1.15008497e+01
 1.95668245e+00 1.30712042e+01
 6.34380184e+00 1.13480570e+01
 5.68753702e+00 1.24052801e+01
 4.55593379e+00 1.40023364e+01
 2.21645605e+00 1.45393707e+01
 1.33110236e+00 1.18021615e+01
 6.35661680e+00 1.11138360e+01
 2.20835531e+00 1.47898685e+01
 3.89457704e+00 1.25091649e+01
 4.64847947e+00 1.32159172e+01
 6.74216626e+00 9.06911897e+00
 1.05328152e-01 9.18398261e+00
 6.32777834e+00 1.02472192e+01
 1.72448633e+00 1.22836368e+01
 4.83630716e+00 1.50258223e+01
 1.64657489e-02 9.24732069e+00
 5.50406398e+00 1.46092672e+01
 7.05566279e+00 5.52679197e+00
 5.79396132e+00 1.18582160e+01
 9.59253288e-01 1.07759255e+01
 2.32185988e+00 1.34732747e+01
 2.35999347e+00 1.41405533e+01
 4.66691735e+00 1.50154920e+01
 6.90566005e+00 5.73106994e+00
 5.30177576e+00 1.15696165e+01
 -6.89486705e-01 7.57385089e+00
 -1.84853935e+00 5.03030992e+00
 7.12766252e+00 9.51901908e+00
 -1.51222491e-01 8.37141654e+00
 4.02294313e+00 1.39545733e+01
 4.81630772e+00 1.25558589e+01
 3.46812321e+00 1.40606249e+01
 6.51855966e+00 1.25870236e+01
 2.03315391e+00 1.29815842e+01
 -2.73481357e-01 9.29987348e+00
 1.60462745e+00 1.20608452e+01
 4.04475947e+00 1.30444537e+01
 1.93212668e+00 1.38854718e+01
 4.73802360e+00 1.41300244e+01
 -5.38523624e-01 8.18173868e+00
 6.09956297e+00 1.16376837e+01
 -1.59560296e-01 8.33597967e+00
 2.15873998e+00 1.34452664e+01
 5.17368973e-01 1.09111486e+01
 6.49332169e+00 1.11120692e+01
 6.38640798e+00 4.70701662e+00
 1.83161738e+00 1.16572684e+01
 2.96845163e+00 1.62911706e+01
 4.93622901e+00 9.40296673e+00
 4.49168311e+00 1.46019516e+01
 1.71415769e-01 1.04503296e+01
 5.20354175e+00 1.33910503e+01
 7.29284565e+00 7.08404772e+00
 8.66941226e-01 1.19494250e+01
 4.53399165e+00 1.53467221e+01
 3.60522748e+00 1.56944206e+01
 -8.39634393e-02 8.46498127e+00
 1.96699998e+00 1.25598437e+01
 1.53717915e+00 1.26453247e+01
 6.96696471e+00 9.49397152e+00
 4.36711831e+00 1.45723502e+01
 1.15919353e+00 1.15272463e+01
 6.80058325e+00 1.08169909e+01
 1.80451859e+00 1.41864773e+01
 1.80078925e+00 1.35952840e+01
 5.04000127e+00 1.36513946e+01
 2.19920502e-01 9.09200401e+00
 4.30968729e+00 1.47152220e+01
 5.62277011e+00 1.14552371e+01
 -1.32905237e-01 1.08105435e+01
 2.14540531e+00 1.48466553e+01
 3.96200572e+00 1.40680518e+01
 7.10984005e+00 5.52752623e+00
 4.59366853e+00 1.31583826e+01
 1.67485538e+00 1.18259492e+01
 5.81083901e+00 1.21834218e+01
 2.58969453e+00 1.39984944e+01
 4.33835263e+00 1.33869057e+01
 2.91411063e+00 1.18571671e+01
 4.45549070e+00 1.33357368e+01
 5.35379359e+00 1.35744503e+01
 5.98052453e+00 1.18043836e+01
 3.52669349e+00 1.64156981e+01
 6.27971065e+00 1.00187940e+01
 3.41268324e+00 1.27592020e+01
 1.74932564e+00 1.36341692e+01
 7.17059895e+00 6.80541353e+00
 -5.36111591e-02 1.05975821e+01
 5.94830942e+00 1.29066511e+01
 5.62412327e+00 1.41444151e+01
 4.76169391e+00 1.48682356e+01
 1.43169323e+00 1.10103007e+01
 4.02307603e+00 1.32017633e+01
 3.43419513e+00 1.40380087e+01
 6.46988049e-01 1.32548651e+01
 6.34158472e+00 9.61956609e+00
 4.92881349e+00 1.17768113e+01
 7.66973967e+00 4.56248359e+00
 -8.26842340e-01 7.69605389e+00
 -1.68529130e+00 5.77245613e+00
 9.00183930e-01 1.23987579e+01
 7.03652599e+00 1.02341353e+01
 6.22113238e+00 1.00103452e+01
 2.62487262e+00 1.34035428e+01
 4.76466023e+00 1.25234992e+01
 2.83601973e+00 1.48027249e+01
 4.50735909e+00 1.25367482e+01
 4.63907312e+00 1.31114652e+01
 6.62973228e+00 8.58461185e+00
 1.30298095e+00 1.18755326e+01
 6.36397107e+00 1.03193418e+01
 7.52042013e-02 8.33769409e+00
 6.61612420e+00 8.04803603e+00
 2.46842849e+00 1.33340805e+01
 -6.40051172e-01 7.69452711e+00
 6.39969236e+00 1.08741971e+01
 3.17060544e+00 1.35955357e+01
 8.12792653e-01 1.01273314e+01
 3.00856803e+00 1.61777341e+01
 4.02881040e+00 1.61259441e+01
 7.44671438e+00 6.21187767e+00
 5.77108547e+00 1.05480497e+01
 5.35391594e+00 1.17108298e+01
 2.90650857e+00 1.48408074e+01
 5.67502721e+00 1.37338438e+01
 5.24608085e+00 1.36328713e+01
 -7.25064628e-01 7.73087849e+00
 5.07230667e+00 1.42007613e+01
 3.26089164e+00 1.44010029e+01
 -4.98991411e-01 9.51757128e+00
 -3.31217350e-01 8.65515842e+00
 5.32650860e+00 1.43848174e+01
 1.69851853e+00 1.39595703e+01
 5.11706436e+00 1.23803281e+01
 2.02881148e+00 1.19444555e+01
 5.07452071e+00 1.58057807e+01
 1.61877199e+00 1.16467008e+01
 6.41556379e+00 6.12811180e+00
 3.19110965e+00 1.47724919e+01
 7.17131094e+00 4.55578461e+00
 4.50600650e+00 1.50709493e+01
 1.33691852e+00 1.22437896e+01
 6.29505839e+00 1.02442661e+01
 5.91929603e+00 8.46627712e+00
 3.77342395e+00 1.21348491e+01
 7.03735089e+00 6.58121822e+00
 6.51029846e+00 7.26923235e+00
 3.84332243e+00 1.49325603e+01
 3.45082304e+00 1.38026560e+01
 4.58389097e-02 1.13401666e+01
 -3.87339726e-02 1.00113336e+01
 -1.73174756e+00 7.72695350e+00
 1.05936343e+00 1.23827369e+01
 6.15633919e+00 9.12721784e+00
 3.55500181e+00 1.74244104e+01
 6.82840184e+00 1.04732184e+01
 4.42807315e+00 1.11670026e+01
 5.39541089e+00 1.23827851e+01
 2.89159258e+00 1.43996760e+01
 3.63693981e+00 1.31257635e+01
 1.26441150e+00 1.42234807e+01
 -1.46300751e+00 6.00474923e+00
 7.60295367e+00 4.55608242e+00
 7.63377813e+00 4.24532049e+00
 2.14855585e+00 1.37359847e+01
 1.68396113e+00 1.39725413e+01
 4.01184516e+00 1.21269036e+01
 2.38612165e+00 1.44069960e+01
 2.44397123e+00 1.40471893e+01
 4.73553301e+00 1.51692984e+01
 2.59709352e+00 1.28703354e+01
 1.41910985e+00 9.94310069e+00
 4.14488583e+00 1.38165412e+01
 1.60000489e+00 1.03338688e+01
 6.01618825e+00 1.02477491e+01
 7.94159711e+00 4.56328016e+00
 7.09044277e+00 5.43659394e+00
 -2.19195543e-01 7.83937818e+00
 6.38690730e-02 8.62828704e+00
 5.77847635e+00 1.14086776e+01
 3.71879375e+00 1.51153510e+01
 2.44707374e+00 1.48048001e+01
 2.59525148e+00 1.27371338e+01
 3.02662914e+00 1.45312435e+01
 5.07924509e+00 1.75037688e+01
 2.00109087e-01 8.93201246e+00
 4.51624390e-01 9.68393771e+00
 3.58183093e+00 1.30150824e+01
 -1.13851311e+00 6.34819970e+00
 4.12924543e+00 1.67994000e+01
 4.21440998e+00 1.32685837e+01
 5.93047630e+00 1.15720188e+01
 6.49857993e+00 1.03337258e+01
 7.86438323e-01 1.00970882e+01
 1.10423603e+00 1.13996054e+01
 5.96372841e+00 1.03498087e+01
 3.54105437e+00 1.38078441e+01
 6.43337347e+00 7.96732380e+00
 4.34712732e+00 1.38684679e+01
 5.39264773e+00 1.43275189e+01
 6.12643854e+00 1.26416532e+01
 1.11006513e-01 1.08697366e+01
 1.81691462e+00 1.39643699e+01
 7.37711347e+00 4.09062404e+00
 4.05046553e+00 1.44031210e+01
 -3.86072422e-02 8.61939763e+00
 6.55506252e+00 7.39925545e+00
 3.52253133e-02 1.10566887e+01
 4.45345315e+00 1.46737082e+01
 -1.13607258e+00 6.54400021e+00
 1.76336397e+00 1.48310703e+01
 6.45967176e+00 6.44579938e+00
 6.95246591e+00 5.52384156e+00
 7.18168759e-01 1.07573936e+01
 1.24068908e+00 1.17609343e+01
 5.76358202e+00 1.24565852e+01
 4.91922443e+00 1.35408854e+01
 -2.48728759e-01 8.70540841e+00
 2.40944205e+00 1.57348916e+01
 1.89873921e+00 1.44088370e+01
 6.65799773e+00 7.81196502e+00
 7.47480310e+00 5.00939223e+00
 4.91708578e+00 1.49826147e+01
 4.40809119e+00 1.49841132e+01
 4.18509926e+00 1.34718828e+01
 5.54206405e+00 1.16109656e+01
 3.87741632e+00 1.59833715e+01
 3.04099831e+00 1.40735830e+01
 -1.08048076e+00 5.65298633e+00
 5.92500796e+00 1.32145963e+01
 1.14294186e+00 1.18351721e+01
 2.12076552e+00 1.32768521e+01
 5.72416955e+00 1.13185066e+01
 -1.05606567e+00 7.20096094e+00
 5.81911125e+00 1.24217990e+01
 7.79098331e+00 5.68640202e+00
 5.32686272e+00 1.11604297e+01
 3.07647158e+00 1.33254156e+01
 -1.63855407e+00 5.23977701e+00
 5.47916244e+00 1.13851181e+01
 2.41583180e+00 1.29944106e+01
 1.83951131e+00 1.29045824e+01
 4.96278058e+00 1.45736264e+01
 7.58102044e+00 4.50862763e+00
 1.76488035e+00 1.27190576e+01
 6.54985261e+00 8.68667705e+00
 2.38783782e-01 9.92058605e+00
 7.46184948e+00 6.21326708e+00
 1.10738078e+00 1.34598057e+01
 3.95665055e+00 1.46826016e+01
 3.79037058e+00 1.46417879e+01
 4.39647892e+00 1.73206379e+01
 4.58671825e+00 1.58911541e+01
 3.57277338e+00 1.32162556e+01
 2.10790336e+00 1.50475481e+01
 2.67235711e+00 1.32860835e+01
 7.64218973e-01 9.80470162e+00
 3.40039563e+00 1.46113082e+01
 2.40442261e+00 1.32388483e+01
 4.46172143e-01 9.02985299e+00
 2.89130629e+00 1.37876725e+01
 5.26083838e+00 1.33917278e+01
 7.19301995e+00 6.10199311e+00
 2.20555027e+00 1.38500874e+01
 5.05085981e+00 1.26036701e+01
 3.73537124e+00 1.39394504e+01
 4.78150397e+00 1.60424998e+01
 6.28079225e+00 1.18403214e+01
 6.74845348e+00 9.67786350e+00
 4.40077359e+00 1.39659206e+01
 6.86324869e+00 7.61104604e+00
 -9.49317540e-01 7.10075429e+00
 7.50886152e+00 5.27480526e+00
 4.13071387e+00 1.40299474e+01
 9.73934787e-02 9.22888529e+00
 3.50700979e+00 1.12641180e+01
 6.63878769e+00 7.39760926e+00
 8.44599609e-01 1.09073709e+01
 -3.94411462e-01 7.37643005e+00
 5.26311167e+00 1.38140000e+01
 5.27922320e-01 1.04749178e+01
 6.22637775e+00 1.12945012e+01
 2.07417977e+00 1.24942451e+01
 3.72617044e-01 1.00241238e+01
 -2.25179892e-01 8.76004383e+00
 4.16548825e+00 1.44058399e+01
 6.26236079e+00 1.36946658e+01
 6.38706905e+00 9.88699023e+00
 1.36679868e+00 1.37215580e+01
 -1.07807495e+00 6.79547721e+00
 -4.13192769e-01 1.00930887e+01
 2.95548516e+00 1.45851196e+01
 5.22216895e-01 1.06612080e+01
 1.45979325e+00 1.16969882e+01
 6.56066006e+00 6.68836112e+00
 6.59782504e+00 1.14415351e+01
 6.90357808e+00 6.36037707e+00
 2.34943783e+00 1.19126857e+01
 -7.16525919e-01 9.80807428e+00
 -1.04654120e-01 9.34247714e+00
 5.06077912e+00 1.52071689e+01
 2.19188281e-01 8.86363588e+00
 2.84913553e+00 1.16802738e+01
 -3.46557073e-01 9.61083485e+00
 2.41841011e+00 1.42839549e+01
 1.21298041e+00 1.22964518e+01
 -8.43387281e-01 7.74792975e+00
 5.29427095e+00 1.40899058e+01
 5.78053860e+00 1.02448069e+01
 6.99262483e+00 1.02816276e+01
 7.31618207e+00 4.31556130e+00
 6.32848558e+00 1.43366733e+01
 2.10261125e+00 1.31832573e+01
 1.52206246e+00 1.14898686e+01
 4.27320118e+00 1.56427094e+01
 6.35250048e+00 9.31513110e+00
 1.15482289e+00 1.28911930e+01
 1.71637085e+00 1.29501400e+01
 9.27031604e-03 8.22067148e+00
 2.47305435e+00 1.43023078e+01
 3.56059741e+00 1.39481870e+01
 4.36290036e+00 1.58133840e+01
 6.42055640e+00 9.37650842e+00
 -9.88399793e-01 7.07316307e+00
 3.35099567e+00 1.34520812e+01
 1.88820972e+00 1.28171672e+01
 5.89553778e-01 8.65517060e+00
 4.10155181e+00 1.40872569e+01
 7.15320017e+00 6.22521288e+00
 5.60849649e+00 1.08505651e+01
 -1.33785611e+00 7.28084307e+00
 2.58437684e+00 1.14445105e+01
 -1.18204219e+00 5.92746432e+00
 2.55104928e-01 1.04181506e+01
 2.75061107e+00 1.37084067e+01
 3.64094824e+00 1.49080277e+01
 5.80402040e-01 1.11874873e+01
 2.82617756e+00 1.33147816e+01
 3.81608824e+00 1.41272580e+01
 2.29667470e+00 1.36767098e+01
 4.80193464e+00 1.65515468e+01
 -1.98480579e+00 5.02813636e+00
 5.84586526e+00 1.13509654e+01
 4.48809705e+00 1.42783163e+01
 3.64572842e+00 1.38148585e+01
 2.45744534e+00 1.33405533e+01
 5.13931139e+00 1.34892238e+01
 3.19024418e+00 1.52881947e+01
 5.48824422e+00 1.29248764e+01
 5.05356286e-02 7.67380659e+00
 3.82648288e+00 1.40955952e+01
 2.91616198e-01 1.02820943e+01
 6.35613755e+00 8.26197537e+00
 6.41426889e+00 1.08997954e+01
 4.31067824e+00 1.46009094e+01
 6.12706437e+00 1.16396412e+01
 5.42308035e+00 9.55126387e+00
 4.08121851e+00 1.55712399e+01
 -1.14164823e+00 5.59403377e+00
 6.44618979e+00 9.99868348e+00
 4.79116330e+00 1.58574242e+01
 6.75221198e+00 1.03271150e+01
 5.56457045e+00 1.43956145e+01
 3.86008810e+00 1.52737577e+01
 7.34536757e-01 8.17026625e+00
 3.94856344e+00 1.30094555e+01
 3.69913879e+00 1.44600960e+01
 4.33271410e+00 1.56778140e+01
 4.01695178e+00 1.43191825e+01
 8.90737355e-01 1.20602190e+01
 6.52749833e-01 1.29645171e+01
 6.87983612e+00 4.39327434e+00
 6.62831991e+00 8.26127091e+00
 3.98827548e-01 1.08490033e+01
 1.99320091e+00 1.24244268e+01
 3.70338138e+00 1.54800888e+01
 5.84981016e+00 1.16256373e+01
 5.34591078e+00 1.36778555e+01
 2.49168615e+00 1.26718744e+01
 -1.45884527e+00 5.86168265e+00
 2.64519011e-01 1.05849895e+01
 6.97264064e+00 9.57553481e+00
 5.18490198e+00 1.32898457e+01
 -2.05076379e+00 5.45562733e+00
 -1.43727602e+00 5.97429169e+00
 6.26101630e-01 1.27226057e+01
 5.89169658e-01 9.24773170e+00
 2.59720648e+00 1.29912809e+01
 1.50854688e+00 1.13372353e+01
 5.78185822e+00 9.68043162e+00
 6.03325309e+00 1.20155339e+01
 6.82420157e+00 8.90358643e+00
 3.60214804e+00 1.39087745e+01
 2.86320809e-01 1.09022678e+01
 4.33233732e+00 1.52556018e+01
 1.17016958e+00 1.28743418e+01
 1.31113809e+00 1.15999112e+01
 6.33499620e+00 1.18432732e+01
 6.88697995e+00 1.11540729e+01
 3.40603703e+00 1.49642202e+01
 5.58614957e-01 1.12101585e+01
 4.90919765e+00 1.27741048e+01
 4.15153670e+00 1.33618759e+01
 5.75732779e+00 9.02405136e+00
 -1.66768039e+00 5.44984252e+00
 3.17431169e+00 1.37519000e+01
 2.38788016e+00 1.40610797e+01
 4.83196007e+00 1.51554129e+01
 3.41980916e+00 1.52757276e+01
 1.08873312e+00 1.30222569e+01
 -1.80329305e+00 5.10782554e+00
 3.04001719e+00 1.39724862e+01
 5.18993275e+00 1.26638558e+01
 3.25296650e+00 1.34019098e+01
 -8.78619248e-02 9.50354484e+00
 4.02857606e+00 1.57159530e+01
 6.63904500e+00 8.83814933e+00
 -1.00987209e+00 7.05758261e+00
 4.58118027e+00 1.46611542e+01
 3.91018748e-01 1.01391196e+01
 6.28669903e+00 7.04293258e+00
 3.89865321e+00 1.66777316e+01
 4.94866087e+00 1.38081539e+01
 6.28379260e+00 9.50806003e+00
 4.81592975e+00 1.21814616e+01
 -1.73293583e+00 5.15807903e+00
 2.29084101e+00 1.41409058e+01
 5.88544972e+00 8.72472628e+00
 5.82707718e+00 1.10677933e+01
 5.80486188e+00 1.18038696e+01
 4.01234512e-01 1.21571278e+01
 6.67228226e+00 9.12903967e+00
 3.80251005e+00 1.39813836e+01
 5.36596246e-01 1.01846111e+01
 1.86025471e-01 1.08065163e+01
 -1.35514483e+00 5.91633087e+00
 2.23538041e+00 1.46452052e+01
 6.33058308e+00 8.37730879e+00
 -8.14590593e-01 7.05068191e+00
 2.43121170e+00 1.34995036e+01
 1.46293696e+00 1.23022099e+01
 2.25985946e+00 1.36541309e+01
 5.68890278e+00 1.10533625e+01
 6.75636196e+00 8.72471879e+00
 3.80240619e+00 1.41026572e+01
 5.99215054e+00 1.30435118e+01
 3.51125088e+00 1.43981423e+01
 5.11507029e+00 1.32616822e+01
 7.07871696e+00 6.73168012e+00
 2.77874069e+00 1.34641875e+01
 6.92916231e+00 7.01250131e+00
 3.00910060e+00 1.39937975e+01
 6.13455193e+00 8.44257499e+00
 4.52999539e+00 1.50656412e+01
 3.73344470e+00 1.64860160e+01
 6.99809293e+00 6.84176440e+00
 5.52674926e+00 1.01081861e+01
 3.81548504e+00 1.07346767e+01
 3.76593954e+00 1.39489121e+01
 2.01459941e+00 1.43853203e+01
 -3.89410432e-01 9.38434551e+00
 1.78199783e+00 1.39259534e+01
 5.77296069e+00 1.06984852e+01
 -3.29871592e-01 1.01688510e+01
 5.16737337e+00 1.16373344e+01
 3.29827223e+00 1.37647017e+01
 6.60582590e+00 9.56776905e+00
 4.30813865e+00 1.60450175e+01
 2.12752576e+00 1.36775301e+01
 8.92054118e-01 9.97155110e+00
 3.55004965e+00 1.47734927e+01
 6.67730514e+00 9.15771779e+00
 6.76468949e+00 9.59800353e+00
 5.80342076e+00 1.17195966e+01
 4.03493737e+00 1.41418695e+01
 6.17928770e+00 1.23814152e+01
 4.10670900e+00 1.48726912e+01
 3.70966800e+00 1.58140486e+01
 6.13057622e+00 1.16663257e+01
 5.10853701e+00 1.50852400e+01
 4.18747028e+00 1.45839070e+01
 5.87525767e+00 1.25452999e+01
 9.83157724e-01 1.01709035e+01
 5.11862137e+00 1.48845576e+01
 7.24485581e+00 6.73548404e+00
 2.91362945e+00 1.17773255e+01
 3.18007569e+00 1.46799724e+01
 7.08518678e+00 4.99329789e+00
 5.64586115e+00 1.15324131e+01
 7.07525982e+00 4.98353273e+00
 4.48979207e+00 1.44447576e+01
 6.02345212e+00 7.97055444e+00
 -1.18995366e-01 1.04146380e+01
 2.87523867e+00 1.35481553e+01
 7.28180793e-01 1.10349058e+01
 4.78292284e+00 1.22512016e+01
 3.52687824e+00 1.52626052e+01
 9.70667421e-01 9.97047341e+00
 1.92185728e+00 1.31262091e+01
 1.09739701e+00 1.20590904e+01
 5.91260142e-02 9.36288128e+00
 3.68951094e+00 1.44162091e+01
 1.04416913e+00 1.25368058e+01
 1.65472098e+00 1.04197519e+01
 1.95820501e-02 8.80432472e+00
 -1.89369567e+00 5.56815944e+00
 1.97515319e+00 1.40633976e+01
 6.45505904e+00 1.00427047e+01
 4.70185352e-01 9.37787890e+00
 2.10737169e+00 1.40667013e+01
 7.13084560e+00 6.95504342e+00
 1.60171529e+00 1.33304866e+01
 1.08610814e+00 1.04970706e+01
 1.56335853e+00 1.34961174e+01
 6.20110615e+00 1.30328006e+01
 1.56979658e+00 1.32139026e+01
 6.97797192e+00 6.01665223e+00
 2.62814440e+00 1.61395984e+01
 4.13385986e+00 1.27410055e+01
 5.13556707e+00 1.41151638e+01
 3.05293779e+00 1.45360302e+01
 2.81729478e+00 1.44607765e+01
 1.80249375e+00 1.30711749e+01
 3.78974443e+00 1.68807773e+01
 1.31687220e+00 1.37932689e+01
 4.71785357e+00 1.51136368e+01
 1.87948212e+00 1.46725545e+01
 1.04682618e+00 1.05962148e+01
 2.07879629e+00 1.26695954e+01
 7.82204007e+00 5.68527806e+00
 4.02341713e+00 1.35646935e+01
 6.57409583e+00 9.45424870e+00
 6.54607027e-02 1.10418394e+01
 -1.28986715e+00 6.76375670e+00
 -1.35001411e+00 5.75120178e+00
 1.35465317e+00 1.23374759e+01
 2.12125480e+00 1.57597987e+01
 -1.34085060e+00 5.39467448e+00
 -4.81295278e-01 8.24801060e+00
 2.32051865e+00 1.38275234e+01
 5.43555844e+00 1.11858884e+01
 4.48190546e+00 1.38475235e+01
 5.66669255e+00 1.45254008e+01
 5.81543605e+00 1.40072535e+01
 3.63042882e+00 1.37843943e+01
 2.74702466e+00 1.36686947e+01
 2.83739270e+00 1.64603277e+01
 1.10595362e-01 1.02678630e+01
 -1.09934234e+00 5.27875116e+00
 -7.87380143e-01 6.00925444e+00
 3.28041336e+00 1.28024987e+01
 9.95671608e-01 1.10498391e+01
 4.56326044e+00 1.41132015e+01
 1.96241307e+00 1.42423090e+01
 -1.44187359e+00 5.52641219e+00
 7.07682488e+00 6.27055006e+00
 5.92018650e+00 1.21007292e+01
 1.79287493e+00 1.38170460e+01
 5.86338034e+00 1.28540736e+01
 3.67602030e+00 1.60625959e+01
 6.73944869e+00 5.98215922e+00
 4.05969853e+00 1.44658650e+01
 4.75879477e+00 1.43151058e+01
 1.12727921e+00 1.14050896e+01
 4.83490154e+00 1.49407129e+01
 5.33230695e+00 1.26281058e+01
 5.08232274e+00 1.18048588e+01
 2.55029139e+00 1.18169142e+01
 6.18311581e+00 1.30446181e+01
 6.04531534e+00 1.11813796e+01
 3.71461872e+00 1.44742750e+01
 6.39156542e+00 5.49928638e+00
 2.34246282e+00 1.33886180e+01
 2.43106180e+00 1.40008459e+01
 3.60136567e+00 1.23078775e+01
 5.96196952e+00 1.20776884e+01
 3.22732483e+00 1.49723580e+01
 5.92140162e+00 8.63229017e+00
 -5.73549827e-01 7.17173526e+00
 5.79823518e+00 1.25136178e+01
 -1.11867374e+00 6.67514020e+00
 3.22924666e+00 1.40418806e+01
 3.02198761e+00 1.40903926e+01
 4.65392053e+00 1.33268726e+01
 1.42630639e+00 1.33147784e+01
 3.95197548e+00 1.21015696e+01
 -9.09539842e-01 5.04806783e+00
 5.25659811e+00 1.34108819e+01
 4.26118354e+00 1.42540980e+01
 5.98302733e+00 9.94327693e+00
 -1.16919345e+00 5.34276880e+00
 -3.22485080e-02 7.20023511e+00
 6.59136093e+00 8.63043589e+00
 5.47556990e+00 1.14969617e+01
 4.65053487e+00 1.45490932e+01
 1.54032906e+00 1.31414379e+01
 7.04337099e+00 6.59232353e+00
 4.73818988e+00 1.32596402e+01
 5.47736090e+00 1.14557518e+01
 5.71579669e-01 1.01901166e+01
 3.43603320e-01 9.13133194e+00
 -1.50194674e+00 6.66259914e+00
 3.42343250e+00 1.39020919e+01
 5.05655179e+00 1.32609438e+01
 2.25761654e+00 1.33709780e+01
 4.74411261e+00 1.31244939e+01
 9.81545312e-01 1.17778730e+01
 -5.42437645e-01 9.12293936e+00
 4.57671367e+00 1.58212106e+01
 6.94684889e+00 8.05269630e+00
 6.46810263e+00 9.19546111e+00
 3.05561980e+00 1.62323036e+01
 5.69284536e-02 8.11519347e+00
 8.30186271e-01 1.17905104e+01
 -1.42109842e+00 6.59754864e+00
 4.42869852e+00 1.39492346e+01
 2.36755787e+00 1.46474470e+01
 7.82676215e+00 4.87587107e+00
 7.04638527e-01 1.21578689e+01
 1.78770562e+00 1.23734836e+01
 5.02610105e+00 1.23785903e+01
 7.35028441e+00 4.13069254e+00
 1.17581830e+00 1.26498487e+01
 1.09939300e+00 1.06582200e+01
 5.71840859e+00 1.20752977e+01
 3.53938358e+00 1.63914026e+01
 3.28778791e+00 1.47292684e+01
 -2.65358813e-01 8.59819782e+00
 1.75423520e+00 1.46585458e+01
 5.83629415e+00 1.30433447e+01
 6.39209070e+00 9.60216638e+00
 3.43728496e+00 1.49993304e+01
 -2.90296618e-01 1.05958709e+01
 3.61311085e-01 9.51382920e+00
 5.69593256e+00 6.98153426e+00
 3.93638312e+00 1.56740890e+01
 4.22230802e+00 1.43474996e+01
 -7.30788681e-01 6.08342902e+00
 4.16446009e+00 1.61255573e+01
 -5.24632217e-01 8.76330794e+00
 -1.10990581e+00 6.65705447e+00
 4.32344709e-01 1.13678109e+01
 6.26335808e+00 1.06626846e+01
 -8.09113406e-01 6.01412543e+00
 2.88515512e+00 1.44448261e+01
 8.76493332e-01 1.18151311e+01
 3.20584463e+00 1.34387230e+01
 4.74454648e+00 1.49791385e+01
 -1.66304479e+00 6.02116090e+00
 -1.71473122e+00 5.19462956e+00
 1.01630829e+00 1.39713307e+01
 1.54513665e+00 1.35871136e+01
 1.15565507e+00 1.20963360e+01
 3.98950285e+00 1.50626808e+01
 6.27041324e-01 1.16699636e+01
 4.58748704e+00 1.52045324e+01
 7.32456830e+00 5.58865582e+00
 4.58319193e+00 1.38496712e+01
 7.50591505e+00 6.19971567e+00
 5.07491817e+00 1.43759059e+01
 2.85433436e+00 1.46009314e+01
 7.42523505e+00 6.54734355e+00
 4.21953442e+00 1.34429453e+01
 2.17660173e+00 1.25521820e+01
 3.44762318e-01 1.02994969e+01
 3.36332518e+00 1.42721651e+01
 6.59429525e+00 9.33936714e+00
 4.43990826e+00 1.31932576e+01
 7.00302564e+00 5.43413511e+00
 3.02083783e+00 1.35260491e+01
 5.20629447e+00 1.32900998e+01
 5.15679315e+00 1.25035276e+01
 4.92976292e+00 1.15458700e+01
 -1.36415204e+00 5.04489401e+00
 1.59619098e+00 1.34429104e+01
 3.88266768e+00 1.30156366e+01
 -3.91479940e-01 7.94440031e+00
 1.14991401e+00 1.06272809e+01
 6.28930771e+00 9.37653108e+00
 3.09721943e+00 1.47301671e+01
 -3.38461793e-01 8.32850671e+00
 2.28680312e+00 1.46737453e+01
 7.09745798e+00 5.09842546e+00
 -7.55608909e-01 6.89976476e+00
 6.74408827e+00 8.86966217e+00
 3.25825320e+00 1.51342959e+01
 2.32840165e+00 1.40057207e+01
 8.54394653e-01 1.29710355e+01
 2.64475376e+00 1.39920082e+01
 3.02264519e+00 1.37778237e+01
 -6.76968343e-01 7.41860871e+00
 4.01195301e+00 1.68211852e+01
 7.39620371e+00 5.71481765e+00
 3.99272863e+00 1.50281212e+01
 3.87071557e+00 1.50339706e+01
 -5.42216922e-01 7.27322176e+00
 2.20595064e+00 1.25575440e+01
 2.96874671e+00 1.40968585e+01
 5.18095271e+00 1.18809520e+01
 2.13525936e+00 1.36562555e+01
 -1.79117791e+00 6.94136866e+00
 5.37882539e+00 1.27141063e+01
 3.97007838e+00 1.41763395e+01
 4.50133865e+00 1.30303240e+01
 4.38713341e+00 1.38990413e+01
 5.52427883e+00 1.23415686e+01
 -1.70916919e+00 5.55568696e+00
 -6.49283727e-01 7.09252569e+00
 3.52351074e+00 1.32980928e+01
 1.20459898e+00 1.16916497e+01
 5.82868193e+00 1.28533204e+01
 1.95039254e+00 1.31576230e+01
 3.32623947e+00 1.37899339e+01
 7.46226844e+00 4.11510275e+00
 1.76886489e+00 1.23837908e+01
 1.80437730e+00 1.16146377e+01
 9.18991825e-01 1.19487120e+01
 4.94206505e+00 1.41092719e+01
 6.93031394e+00 5.15914512e+00
 5.68747007e+00 1.14399608e+01
 7.34438264e+00 7.43733062e+00
 5.18485679e-02 9.14978957e+00
 5.09550383e+00 1.56859992e+01
 5.28153950e+00 1.15077852e+01
 6.63771360e+00 6.92972602e+00
 5.79751549e+00 1.37495649e+01
 4.76913961e+00 1.25316971e+01
 3.91202602e+00 1.41296625e+01
 3.20650974e-01 1.00073921e+01
 5.51581641e+00 1.12825572e+01
 5.04853481e+00 1.31810197e+01
 -4.24375324e-01 8.28360607e+00
 6.90747608e+00 5.45595593e+00
 2.98085180e+00 1.28601779e+01
 5.33992481e+00 1.44870354e+01
 3.89364519e+00 1.38892514e+01
 6.98336394e+00 4.61183170e+00
 2.71752787e+00 1.54732133e+01
 4.46508454e+00 1.45522806e+01
 3.97975174e+00 1.86668817e+01
 3.51065161e-02 9.79985344e+00
 4.24891396e+00 1.62380708e+01
 3.86145165e+00 1.31282532e+01
 4.75302959e+00 1.81913875e+01
 4.51232896e+00 9.21028174e+00
 3.61371786e+00 1.48402320e+01
 6.89041723e+00 7.96300389e+00
 1.74471840e+00 1.29825862e+01
 1.91110026e+00 1.44996361e+01
 2.88370407e+00 1.49616886e+01
 3.86917457e+00 1.59299162e+01
 2.79603211e+00 1.45884444e+01
 5.95109825e+00 1.00192358e+01
 6.50205572e-01 1.14007301e+01
 3.72106554e+00 1.59444413e+01
 5.62346983e+00 1.28987983e+01
 2.33240132e+00 1.23499293e+01
 6.60159919e+00 8.96723627e+00
 5.93138502e+00 9.26126642e+00
 1.08868532e+00 1.08740053e+01
 6.85106598e+00 9.71511483e+00
 -3.48938667e-02 1.08173234e+01
 2.01078816e+00 1.38542156e+01
 3.63337151e-01 1.07976064e+01
 6.98619594e+00 1.23365533e+01
 4.32681114e+00 1.45132445e+01
 4.63561363e+00 1.21653395e+01
 3.34830704e+00 1.61890897e+01
 6.26304002e+00 1.47440798e+01
 3.08269893e+00 1.45628691e+01
 9.63584772e-01 1.26272010e+01
 4.31409346e+00 1.22679683e+01
 6.52541727e+00 5.52582086e+00
 4.35748791e+00 1.43511188e+01
 -5.30159182e-01 8.74355188e+00
 4.97169200e+00 1.48346908e+01
 4.15216828e+00 1.42890935e+01
 4.45345604e+00 1.51236505e+01
 5.72024621e+00 1.18591813e+01
 3.39371738e+00 1.39089965e+01
 5.45170012e+00 1.01804472e+01
 -7.35123255e-01 6.81119237e+00
 3.63838442e+00 1.57710617e+01
 2.59210389e+00 1.47391693e+01
 6.94757533e+00 8.34296326e+00
 -8.38666513e-01 9.06907129e+00
 5.75810497e+00 1.35247190e+01
 2.66801890e+00 1.29664345e+01
 6.77778310e+00 6.30797634e+00
 2.41240075e+00 1.44430308e+01
 4.56781558e+00 1.48809816e+01
 6.77400266e+00 7.82656706e+00
 5.95156176e+00 9.05304715e+00
 3.26886937e+00 1.56633483e+01
 6.99255288e+00 7.98746124e+00
 5.41434843e+00 1.12682341e+01
 -4.14362300e-02 9.03228165e+00
 2.40160908e+00 1.17960047e+01
 7.07342709e+00 6.73767178e+00
 2.09461863e+00 1.32261247e+01
 2.92421681e+00 1.46148070e+01
 7.07340462e+00 9.00959609e+00
 3.39178395e+00 1.53281587e+01
 4.11468784e+00 1.51713462e+01
 5.67000607e+00 9.93942494e+00
 5.25348853e+00 1.21757095e+01
 5.97800471e+00 9.59416332e+00
 3.38506883e+00 1.35251737e+01
 5.08864218e+00 1.14742536e+01
 2.30163378e+00 1.34135300e+01
 2.35364752e+00 1.21866426e+01
 5.22931987e+00 1.29169322e+01
 -1.39103319e+00 5.58863335e+00
 3.33518573e+00 1.35763457e+01
 6.80671965e+00 7.45813789e+00
 2.21059633e+00 1.50425517e+01
 -2.35659580e-01 9.01925612e+00
 3.55969310e+00 1.32106880e+01
 6.23265728e+00 9.29576888e+00
 -1.04929496e+00 6.37453952e+00
 5.02963076e+00 1.53016868e+01
 3.57184372e-01 1.03679617e+01
 -1.46291875e+00 5.42031615e+00
 4.35792687e+00 1.50808064e+01
 9.68953609e-02 9.14022960e+00
 3.25564977e+00 1.55960980e+01
 5.05063287e+00 1.67517743e+01
 2.72436053e+00 1.37347465e+01
 2.93433418e+00 1.27955146e+01
 -1.16675190e+00 7.32755796e+00
 1.91405183e+00 1.35458776e+01
 4.41481012e+00 1.29577711e+01
 7.00585483e+00 5.06928298e+00
 4.14165586e+00 1.29887880e+01
 6.41567525e+00 1.06524148e+01
 3.60629649e+00 1.50762653e+01
 1.53929042e+00 1.08627841e+01
 6.18748022e+00 7.85756111e+00
 6.31097325e+00 7.45712422e+00
 2.27100612e+00 1.51908510e+01
 6.78381444e+00 7.49460176e+00
 4.25625011e+00 1.39044036e+01
 -8.79502875e-01 7.48998515e+00
 6.47601843e+00 1.29071513e+01
 6.86039034e+00 5.50906211e+00
 6.04844316e+00 6.13458748e+00
 6.61835204e+00 1.08975069e+01
 4.49255605e+00 1.43961089e+01
 4.22612946e+00 1.65128399e+01
 3.58111866e+00 1.54153503e+01
 5.13339891e+00 1.02212539e+01
 4.14042158e+00 1.28733410e+01
 -8.50163975e-01 7.57520402e+00
 6.72584354e+00 6.43909348e+00
 5.55152339e+00 1.26529552e+01
 4.01954501e+00 1.46476156e+01
 3.72218660e+00 1.34524702e+01
 4.82408802e+00 1.65803803e+01
 3.18246308e+00 1.47701319e+01
 5.32789524e+00 1.12152229e+01
 5.99908147e+00 1.08169617e+01
 5.59528995e+00 1.20577990e+01
 2.07736428e+00 1.39944959e+01
 3.19601744e+00 1.41971223e+01
 -1.48889434e+00 6.12953898e+00
 5.80206941e+00 1.47488671e+01
 4.62283834e+00 1.32242015e+01
 6.75585533e+00 8.61664045e+00
 3.38567784e-01 1.07308738e+01
 -8.32193074e-01 7.00267717e+00
 7.06127193e+00 6.26392809e+00
 1.40282843e-01 9.69748470e+00
 4.51294902e+00 1.67631188e+01
 5.88043684e+00 1.09472453e+01
 -5.89612922e-02 8.93160353e+00
 3.17390214e+00 1.52604872e+01
 6.50007378e+00 8.89228535e+00
 7.40888483e+00 4.78652107e+00
 2.85192089e+00 1.45988464e+01
 3.00102314e+00 1.24965715e+01
 2.27062793e+00 1.26604647e+01
 -1.49461804e-01 8.60114313e+00
 4.55460742e+00 1.61505792e+01
 6.55075601e+00 1.00017110e+01
 5.43545011e+00 1.32017679e+01
 5.36887820e-01 1.15061130e+01
 2.90327223e+00 1.14147970e+01
 4.41662715e+00 1.53670096e+01
 -1.24130120e+00 6.49289961e+00
 9.81675654e-01 1.17443131e+01
 5.45495120e+00 1.48572836e+01
 2.55785171e+00 1.12339250e+01
 -1.09560840e+00 5.96221632e+00
 6.25159827e+00 1.31902902e+01
 2.01255267e+00 1.44847894e+01
 1.89116564e+00 1.49296253e+01
 6.84781774e+00 9.18682661e+00
 3.53251292e+00 1.37942590e+01
 5.15643899e+00 1.45854295e+01
 6.76821452e+00 7.98542728e+00
 6.67625254e+00 5.65544149e+00
 5.52851074e+00 1.30704646e+01
 5.78310225e+00 1.00599536e+01
 6.61343818e+00 5.78513737e+00
 6.89603339e+00 4.45582037e+00
 3.63550007e+00 1.75246742e+01
 7.17115639e+00 6.81522719e+00
 2.53682388e+00 1.52584026e+01
 -1.50043254e+00 5.96864630e+00
 1.14636968e+00 1.34123578e+01
 -1.62746056e+00 5.50489163e+00
 1.06056541e+00 1.25052346e+01
 6.51359745e+00 6.27738357e+00
 5.23613114e+00 1.34078236e+01
 -4.63639794e-01 7.19184043e+00
 4.38880796e+00 1.38905989e+01
 5.21560019e+00 1.17430563e+01
 1.51679898e+00 1.27588804e+01
 2.12743894e+00 1.24031970e+01
 2.36219143e+00 1.39821629e+01
 4.37200719e+00 1.47734016e+01
 2.89524000e+00 1.53477153e+01
 5.78486730e+00 9.28038169e+00
 6.95512894e+00 1.00385361e+01
 5.61712866e+00 1.46474838e+01
 5.16931041e-01 1.14427499e+01
 -8.15140388e-02 9.53900069e+00
 -1.63258770e+00 5.62431207e+00
 7.39637264e+00 4.28194273e+00
 1.83990318e-01 1.03574682e+01
 5.85215677e+00 1.42260712e+01
 6.10759964e+00 1.12828458e+01
 4.64164457e+00 1.42168073e+01
 -1.03507230e+00 7.29359939e+00
 2.49049377e+00 1.36925173e+01
 6.49824346e+00 8.58598023e+00
 2.34480678e+00 1.19161510e+01
 -2.82451005e-02 8.10301954e+00
 -5.20801818e-01 9.64545928e+00
 2.08066172e+00 1.32846342e+01
 4.80996790e+00 1.30858357e+01
 5.80705514e+00 1.18972873e+01
 2.48104033e+00 1.41367608e+01
 4.71117331e-01 8.94788013e+00
 5.22380887e+00 1.27821021e+01
 2.28242828e+00 1.24875370e+01
 -3.04549938e-02 9.72925714e+00
 2.03668927e+00 1.26186901e+01
 2.78456024e+00 1.43745113e+01
 2.43068751e+00 1.52344709e+01
 4.63680290e+00 1.46954067e+01
 6.58147588e+00 8.29636941e+00
 7.12737219e+00 1.01050246e+01
 6.05824384e+00 8.34771428e+00
 2.23466879e+00 1.23968901e+01
 6.51022118e+00 1.23119550e+01
 3.64300091e+00 1.71533965e+01
 -5.17055515e-01 7.53997149e+00
 3.75271360e+00 1.42109731e+01
 6.30547038e+00 1.11912033e+01
 6.27397341e+00 1.08352256e+01
 2.12525911e-01 8.83250046e+00
 6.22306007e+00 9.75595191e+00
 4.23729803e+00 1.47815121e+01
 2.00036409e+00 1.31971621e+01
 5.97755532e+00 1.30813343e+01
 1.29646308e+00 1.07874565e+01
 7.36577746e+00 4.56226814e+00
 5.91672447e+00 1.24396494e+01
 3.76563533e+00 1.41645194e+01
 6.83744844e+00 7.67983552e+00
 3.13035429e+00 1.34169639e+01
 3.20132667e-01 1.05391379e+01
 2.56440889e+00 1.29699910e+01
 5.09021961e+00 1.22048634e+01
 1.60341683e+00 1.12054422e+01
 6.59761779e+00 9.77595289e+00
 6.29012187e+00 8.88722204e+00
 5.35457243e+00 1.14759508e+01
 3.16310233e-01 1.18187995e+01
 -4.73158961e-01 8.15318833e+00
 6.04995081e+00 1.25960984e+01
 6.48906968e+00 8.92425891e+00
 5.00838355e+00 1.11623575e+01
 2.50528460e+00 1.40379136e+01
 5.72382312e+00 1.14120924e+01
 4.20506993e+00 1.50746783e+01
 4.22750111e+00 1.48987292e+01
 5.41049210e+00 1.33808086e+01
 6.57422029e-01 1.12655025e+01
 1.75597545e+00 1.11137007e+01
 5.91980533e+00 1.12283746e+01
 3.31295604e+00 1.61562817e+01
 3.56899803e+00 1.40138250e+01
 2.08940157e+00 1.19629863e+01
 5.55107500e+00 1.05957763e+01
 5.52445960e+00 1.23522657e+01
 6.76088587e+00 7.95948150e+00
 4.56926862e+00 1.09839037e+01
 -4.95261264e-03 1.01661917e+01
 5.12681021e+00 1.02289560e+01
 5.10769195e+00 1.31918840e+01
 3.37654616e+00 1.27934110e+01
 2.94710465e+00 1.51844414e+01
 7.12298758e+00 8.64518037e+00
 2.64796668e+00 1.40168379e+01
 4.25292910e+00 1.50609884e+01
 4.03423406e+00 1.36615236e+01
 6.27394216e+00 1.17575871e+01
 -1.44147492e+00 5.34230485e+00
 -3.73364569e-01 8.04904220e+00
 2.29252268e+00 1.56910785e+01
 1.40080696e+00 1.05952824e+01
 7.23019894e+00 4.73384029e+00
 3.96424156e+00 1.67665861e+01
 7.03333661e+00 5.06486575e+00
 1.41512720e+00 1.26129488e+01
 6.48601724e+00 9.23776590e+00
 3.47338051e+00 1.46784380e+01
 6.59380928e+00 1.05428515e+01
 1.52767716e+00 1.37537441e+01
 7.69765379e+00 4.09870842e+00
 5.67694228e+00 1.18968943e+01
 1.53811102e+00 1.43330505e+01
 1.39995828e+00 1.14833217e+01
 3.23894121e+00 1.23773634e+01
 5.30912654e-01 9.98072402e+00
 -1.03597642e+00 5.96779473e+00
 5.27562859e+00 1.40619529e+01
 2.59305778e+00 1.07850466e+01
 6.25497936e+00 8.76983988e+00
 1.31425108e+00 1.44579001e+01
 1.18440164e+00 1.17201253e+01
 6.16475194e+00 8.90222974e+00
 5.34433902e+00 1.39856521e+01
 3.25632818e+00 1.69033007e+01
 6.25175729e+00 9.94118328e+00
 5.61883721e+00 1.22741369e+01
 2.22104301e+00 1.60472586e+01
 5.23000141e+00 1.13305573e+01
 -1.83804203e+00 6.32374087e+00
 6.43577953e+00 1.10301198e+01
 1.79789345e+00 1.37688351e+01
 -4.91191688e-01 7.89764869e+00
 3.44902718e+00 1.59389489e+01
 2.18103713e+00 1.49889536e+01
 6.63932693e+00 5.71557309e+00
 6.58550583e+00 8.85798683e+00
 5.30522053e+00 1.36073608e+01
 6.75657585e+00 5.24296867e+00
 5.74923636e+00 9.58924381e+00
 2.72717191e+00 1.50143729e+01
 7.39889539e-01 1.02955204e+01
 3.20584071e+00 1.48006389e+01
 3.24354777e+00 1.25332795e+01
 7.46014356e+00 5.84369026e+00
 5.88995747e+00 1.31376303e+01
 4.46054466e+00 1.30637865e+01
 6.27385318e+00 9.93710088e+00
 4.21993945e+00 1.68132367e+01
 2.64325107e+00 1.42398907e+01
 2.69908871e+00 1.25399727e+01
 4.20521042e-01 9.39595815e+00
 6.38162661e+00 8.72005011e+00
 -3.05545170e-01 1.05618837e+01
 6.56400598e+00 1.37420941e+01
 5.16501518e+00 1.45712050e+01
 2.23445769e+00 1.27761941e+01
 5.49541952e+00 1.29121447e+01
 7.00903310e+00 5.16712025e+00
 5.47094803e+00 1.37092356e+01
 5.96509348e-01 9.93176162e+00
 5.91566544e+00 1.11971386e+01
 1.28566928e+00 1.00069588e+01
 6.13129600e+00 9.07883837e+00
 4.32689625e+00 1.46782852e+01
 5.65463394e+00 1.15444083e+01
 1.23933167e+00 1.18204070e+01
 2.53267972e+00 1.54076501e+01
 -1.78936713e-01 8.63143692e+00
 2.12825645e+00 1.31395420e+01
 2.44074191e+00 1.47593388e+01
 -1.16503792e+00 5.75964634e+00
 4.79358120e+00 1.32521561e+01
 3.53663451e-01 9.59899163e+00
 5.36596939e+00 1.31117393e+01
 3.88536295e+00 1.34049111e+01
 4.93146942e+00 1.56053669e+01
 5.53456379e+00 1.44880247e+01
 7.12877267e+00 5.44927860e+00
 3.05509724e+00 1.39710972e+01
 2.09775355e+00 1.47382991e+01
 3.94939864e+00 1.62740010e+01
 5.38621286e+00 1.27694316e+01
 5.71855748e+00 1.09790688e+01
 5.82328973e+00 9.12123135e+00
 3.56456152e+00 1.56946530e+01
 2.89638489e+00 1.51320176e+01
 6.90510698e+00 6.32965736e+00
 6.13520478e+00 1.25551015e+01
 -8.12492345e-01 7.23465290e+00
 2.58986668e+00 1.16974199e+01
 6.16410972e+00 1.15019115e+01
 3.41170063e-01 1.22436686e+01
 4.86800027e+00 1.32758535e+01
 1.09566903e+00 1.05735974e+01
 5.66464348e+00 1.11351798e+01
 7.05923545e+00 7.48665642e+00
 5.20897985e+00 1.32208732e+01
 -8.53418828e-01 7.39266943e+00
 5.95790413e+00 1.30768117e+01
 1.29346710e+00 1.36753382e+01
 6.06285643e+00 9.58256878e+00
 5.98662148e+00 1.05311550e+01
 2.90080015e+00 1.60724324e+01
 5.81773608e+00 1.33976810e+01
 3.21767541e+00 1.52902074e+01
 2.66283909e-01 9.50520668e+00
 5.63062681e+00 9.90458900e+00
 -8.26820260e-01 7.06125954e+00
 6.87393906e+00 4.48683749e+00
 1.45447803e+00 1.09919654e+01
 1.75325272e+00 1.48564044e+01
 6.56611524e+00 1.20488934e+01
 5.71144742e-01 1.04040672e+01
 4.73265457e+00 1.14541691e+01
 7.30559195e-01 1.06371815e+01
 4.36492871e+00 1.38053969e+01
 3.64925959e+00 1.34601940e+01
 5.49254215e+00 1.19225748e+01
 1.15104163e+00 1.12739727e+01
 6.18332781e+00 9.50492759e+00
 3.43980217e+00 1.53473388e+01
 -1.11981677e+00 7.80562229e+00
 2.12296686e+00 1.41213101e+01
 1.54168325e+00 1.14799770e+01
 2.16241691e+00 1.39980149e+01
 -1.03280108e+00 5.76363030e+00
 1.12347954e+00 1.28933333e+01
 5.65712161e+00 1.48519993e+01
 4.14192847e+00 1.43453898e+01
 -3.94270358e-01 7.94193006e+00
 3.77891788e+00 1.56088577e+01
 6.97888248e+00 5.15080257e+00
 1.77532344e+00 1.29798565e+01
 6.41592352e+00 9.69644890e+00
 1.64397368e+00 1.47109784e+01
 2.86015691e+00 1.49709164e+01
 6.76179516e+00 9.54982558e+00
 6.23389399e+00 8.58084563e+00
 5.02283221e+00 1.23260722e+01
 5.30842376e+00 1.31089113e+01
 4.03964709e+00 1.54821982e+01
 -8.02645712e-01 8.80269097e+00
 6.36985395e+00 7.49661191e+00
 3.75482205e+00 1.52473178e+01
 3.95799887e+00 1.55296772e+01
 7.07893323e+00 1.34234362e+01
 5.51836827e+00 1.40167110e+01
 6.31933836e+00 1.48220120e+01
 1.48887370e-01 9.85410077e+00
 2.19314436e+00 1.37798591e+01
 5.93161120e-01 1.20439684e+01
 -3.43681580e-01 8.80216423e+00
 9.53183375e-01 9.78895731e+00
 5.92444905e+00 1.21096807e+01
 7.01935041e+00 5.02692231e+00
 3.01121440e+00 1.52547873e+01
 7.45417490e+00 7.00152385e+00
 6.15931818e+00 1.09003493e+01
 3.40923679e+00 1.68546606e+01
 5.53723153e+00 1.46649423e+01
 3.50961044e+00 1.48621172e+01
 -9.19733349e-01 5.16177774e+00
 5.61967609e+00 1.00092308e+01
 -8.11983229e-01 7.73233016e+00
 3.77158769e+00 1.44352242e+01
 1.95798022e+00 1.36074538e+01
 6.83778226e+00 6.04394063e+00
 2.85215089e+00 1.26972279e+01
 5.10573887e+00 1.60693319e+01
 4.42599598e+00 1.35360367e+01
 5.86043362e+00 9.02858877e+00
 6.94514510e+00 7.00126248e+00
 6.77052229e+00 6.89795837e+00
 3.45416429e+00 1.59090252e+01
 -1.60879291e+00 5.30231018e+00
 4.99321301e+00 1.35854089e+01
 -1.50491802e+00 6.45240150e+00
 -5.88671371e-01 7.73087242e+00
 2.73334438e+00 1.45020511e+01
 1.51807224e+00 1.29616991e+01
 3.90650325e+00 1.33013193e+01
 4.47446161e+00 1.16727513e+01
 3.38469538e+00 1.48432343e+01
 3.55679524e+00 1.55083180e+01
 6.68791234e+00 9.61734979e+00
 2.06355711e+00 1.44609463e+01
 7.61143755e-01 1.09232695e+01
 -9.44805826e-01 9.13712739e+00
 2.61874663e-01 8.88794153e+00
 2.08431911e+00 1.32804879e+01
 3.93293307e-01 1.12257084e+01
 5.22080328e+00 1.41730136e+01
 5.37893229e+00 1.22627897e+01
 -6.08330673e-02 1.02861579e+01
 4.89969897e+00 1.21288490e+01
 4.70806327e+00 1.55268880e+01
 2.39814340e+00 1.33846682e+01
 5.91810925e-01 1.17031970e+01
 1.81540890e+00 1.28081791e+01
 -1.32604553e+00 5.02106762e+00
 2.91363014e+00 1.43338600e+01
 6.09445748e+00 1.15129433e+01
 4.77810056e+00 1.25983724e+01
 5.00270606e+00 1.29569575e+01
 -1.04548854e+00 6.93017612e+00
 3.08401092e+00 1.26957221e+01
 2.44278177e+00 1.55277332e+01
 4.30298366e+00 1.37478126e+01
 5.81474610e+00 1.12727382e+01
 3.39689369e+00 1.49115355e+01
 3.28379409e+00 1.29526535e+01
 6.82630215e+00 5.12913529e+00
 -4.66865324e-01 7.53314134e+00
 -3.32700711e-01 7.84262493e+00
 5.01617349e+00 1.14872004e+01
 3.90586380e+00 1.44561129e+01
 5.45785843e+00 1.13099549e+01
 7.26278146e+00 4.66995001e+00
 3.54403464e+00 1.46707806e+01
 2.08695373e+00 1.34155401e+01
 5.34860750e+00 1.09985210e+01
 5.38284751e+00 1.43116744e+01
 2.82505238e+00 1.51555238e+01
 9.55880797e-01 9.81312852e+00
 4.21023355e+00 1.43339633e+01
 6.67192051e+00 5.64305808e+00
 1.98400755e+00 1.15787864e+01
 2.69636323e+00 1.37059461e+01
 1.50645021e+00 1.31527710e+01
 6.74262468e+00 6.49967878e+00
 -1.08685525e-01 8.50021888e+00
 -1.46773078e+00 5.33753414e+00
 3.89423748e+00 1.61413487e+01
 5.82511325e-01 1.11633079e+01
 5.01735087e+00 1.30700492e+01
 5.47714422e-03 1.02096562e+01
 -7.76761424e-01 7.30203240e+00
 6.61133194e+00 8.16015628e+00
 7.35113688e+00 4.86735573e+00
 3.46351309e+00 1.36303628e+01
 4.36752705e+00 1.27505062e+01
 5.77888631e+00 1.13950973e+01
 5.45815067e+00 1.45926945e+01
 6.29872893e+00 9.44578026e+00
 4.21634854e+00 1.55752401e+01
 5.76414003e+00 1.07354984e+01
 -1.02857579e+00 6.56992067e+00
 -7.75235345e-01 7.06854378e+00
 5.76556202e+00 1.17458973e+01
 -8.14116806e-01 7.07802817e+00
 -9.09905628e-01 6.47647990e+00
 4.28043908e+00 1.28793358e+01
 2.26977429e+00 1.28092612e+01
 2.56229095e+00 1.51631028e+01
 1.10493665e+00 1.07246543e+01
 7.33154119e+00 5.83135488e+00
 -8.15462024e-01 7.08727892e+00
 6.43036307e+00 8.70277191e+00
 2.22561827e+00 1.35361707e+01
 3.86985918e+00 1.45378846e+01
 7.32384507e+00 6.48759968e+00
 7.24599354e+00 6.35873953e+00
 3.99478860e+00 1.48001424e+01
 -3.72250940e-01 8.34976082e+00
 6.91229730e-01 1.06919699e+01
 2.38812200e+00 1.40683223e+01
 4.75792967e+00 1.37130643e+01
 1.73208171e+00 1.24921829e+01
 1.89019511e+00 1.40433499e+01
 6.40024848e+00 1.11613317e+01
 1.02676656e+00 1.03302338e+01
 6.20244354e+00 1.30208553e+01
 6.23091486e+00 8.28439576e+00
 1.70816124e+00 1.04671550e+01
 6.58782579e+00 9.39264702e+00
 3.81208742e+00 1.45559299e+01
 2.41353857e+00 1.56700560e+01
 7.29953623e+00 7.11931107e+00
 5.24400329e+00 1.33690273e+01
 6.35038178e+00 8.92877309e+00
 3.23540712e+00 1.38441580e+01
 5.02734018e+00 1.22416170e+01
 6.15274526e+00 1.32107728e+01
 7.45050955e+00 5.90264447e+00
 3.57198592e+00 1.52696576e+01
 -1.44901569e+00 5.57541117e+00
 1.21505524e+00 1.25729914e+01
 6.78705336e+00 8.83731944e+00
 2.80929063e+00 1.38022067e+01
 3.10621247e+00 1.21116707e+01
 3.15751133e+00 1.50733906e+01
 2.05895755e-01 8.91944595e+00
 2.68363228e+00 1.16444632e+01
 9.10692472e-01 1.18979367e+01
 2.45077514e+00 1.27456803e+01
 4.42204256e+00 1.71130210e+01
 -3.30480049e-01 9.40294634e+00
 2.22518476e-01 1.23176256e+01
 6.43657564e+00 1.25038866e+01
 4.29320473e+00 1.30213597e+01
 -8.55807728e-02 9.60909451e+00
 4.90951245e+00 1.72853128e+01
 6.38931403e+00 9.03373056e+00
 4.53969916e+00 1.45501697e+01
 3.87211331e+00 1.54758920e+01
 -2.88961440e-01 9.93115167e+00
 7.95030076e-01 1.09600447e+01
 5.31511729e+00 1.53279123e+01
 6.11377031e+00 1.05804199e+01
 5.41819746e+00 1.18009316e+01
 5.87482485e+00 1.09037765e+01
 5.18791249e+00 1.13807199e+01
 4.34111390e+00 1.56513027e+01
 6.94961816e+00 8.43434347e+00
 -1.40432121e+00 7.81996322e+00
 3.58210156e+00 1.35478941e+01
 1.86292573e+00 1.44392354e+01
 4.58112545e+00 1.16823731e+01
 7.85875068e+00 6.09076272e+00
 6.79721035e+00 9.05833535e+00
 2.01504340e+00 1.49091723e+01
 -1.19866874e+00 7.37268573e+00
 4.75742822e+00 1.65324792e+01
 3.33034721e+00 1.46318820e+01
 5.66067350e+00 1.12955454e+01
 -3.12565603e-01 7.56577041e+00
 6.27442455e+00 1.14757450e+01
 6.33513023e+00 7.34087523e+00
 3.23138742e+00 1.32539075e+01
 2.67604813e+00 1.37406394e+01
 3.93823195e+00 1.54571850e+01
 6.24307997e+00 9.63393011e+00
 6.31583211e+00 1.10595198e+01
 6.48077324e+00 1.15639019e+01
 1.51868052e+00 1.27730427e+01
 5.91070085e+00 1.24163699e+01
 4.70444687e+00 1.18917577e+01
 -1.10797460e+00 6.36253604e+00
 5.88571476e+00 1.27597423e+01
 5.42518507e+00 1.16810130e+01
 2.32786157e+00 1.34906547e+01
 1.45470559e+00 1.18622283e+01
 4.04211669e+00 1.33596684e+01
 5.67817374e+00 9.21041630e+00
 2.65472269e+00 1.28862553e+01
 2.29915231e+00 1.39136812e+01
 3.60409154e+00 1.58350845e+01
 2.35509614e-01 1.06332535e+01
 5.74013471e+00 1.33559383e+01
 1.58010012e+00 1.19939648e+01
 3.19409613e+00 1.42844685e+01
 -8.66681064e-01 8.41058939e+00
 7.17887711e+00 8.68980344e+00
 7.70889775e+00 6.79121643e+00
 2.61467088e+00 1.39151287e+01
 -1.52466593e-01 9.40374519e+00
 4.70511048e+00 1.42704348e+01
 -5.69897455e-01 7.57220687e+00
 9.27125456e-01 1.25507628e+01
 3.53795812e+00 1.76130298e+01
 4.65524001e-01 1.01111182e+01
 3.40672233e+00 1.51072560e+01
 1.47481872e+00 1.27384557e+01
 -1.02905877e+00 7.00794470e+00
 1.48418104e+00 1.23056847e+01
 2.67956393e+00 1.29829022e+01
 2.49117877e+00 1.27600579e+01
 6.48475891e+00 5.71647920e+00
 1.85154912e-01 9.39582375e+00
 3.84441612e+00 1.50914305e+01
 1.84905334e+00 1.34120039e+01
 1.24106045e+00 1.27463545e+01
 2.15252262e+00 1.19942046e+01
 3.50985846e+00 1.53616266e+01
 1.96278533e+00 1.33398486e+01
 1.32765868e+00 1.50286735e+01
 4.24371907e+00 1.19104858e+01
 2.64064528e+00 1.26857678e+01
 2.92055851e+00 1.40340190e+01
 4.90243619e-01 1.23956313e+01
 3.93209658e+00 1.61652640e+01
 1.05956331e+00 1.18767916e+01
 3.23811270e+00 1.57903826e+01
 2.75514271e-01 1.13278236e+01
 7.33048198e+00 6.39885031e+00
 7.17292618e+00 6.49601926e+00
 -3.54765177e-01 7.96963138e+00
 2.14373440e+00 1.48968686e+01
 5.60305011e+00 1.21440275e+01
 6.97082999e+00 5.82789779e+00
 4.80393394e+00 1.23536246e+01
 1.62582876e+00 1.15871414e+01
 2.81892534e+00 9.86212298e+00
 7.01933322e+00 5.59616873e+00
 6.35515316e+00 9.41650233e+00
 1.77979821e+00 1.39463789e+01
 2.58111541e+00 1.45660963e+01
 4.72883097e+00 1.38778332e+01
 3.99833642e+00 1.36775985e+01
 3.54607186e+00 1.37925268e+01
 5.24350176e+00 1.24586785e+01
 -5.19195165e-02 1.13552898e+01
 9.20218345e-01 1.27218016e+01
 3.73328761e+00 1.41200586e+01
 2.32173296e+00 1.38045615e+01
 7.71194745e-01 1.21251435e+01
 2.24080576e+00 1.42126762e+01
 7.00463702e+00 4.91625827e+00
 2.19926732e+00 1.19889671e+01
 4.30394806e+00 1.63806642e+01
 5.37961112e+00 1.23877834e+01
 3.41517049e+00 1.37407216e+01
 5.49141443e+00 1.03369386e+01
 6.31692652e+00 1.22647664e+01
 5.32799125e+00 1.33732893e+01
 2.60606368e-01 1.00143298e+01
 1.14501345e+00 1.15122198e+01
 5.70078426e+00 9.35867765e+00
 6.61678245e+00 1.04474306e+01
 3.29133017e+00 1.29758655e+01
 4.76608347e+00 1.31152843e+01
 1.20174399e+00 1.09047025e+01
 6.84355614e+00 7.79271920e+00
 6.00806566e+00 1.22943039e+01
 2.15618686e+00 1.46922475e+01
 3.64628202e+00 1.40984675e+01
 3.64492538e+00 1.42858287e+01
 3.52929874e+00 1.24113639e+01
 5.84309905e-01 1.01014820e+01
 -9.21841441e-02 6.63486586e+00
 -1.95879272e-01 7.86021358e+00
 5.27917071e+00 1.18169162e+01
 4.26041722e+00 1.51708498e+01
 1.05489387e+00 1.33025971e+01
 -9.64711490e-01 7.23072753e+00
 4.73504151e+00 1.50126634e+01
 7.17547069e+00 9.01336346e+00
 6.14457567e+00 1.05974281e+01
 5.63001971e+00 1.30400903e+01
 6.43995202e+00 1.08701205e+01
 -1.17962882e+00 6.07452345e+00
 4.07832463e+00 1.43304546e+01
 1.91076560e+00 1.35527321e+01
 5.11695802e+00 1.17081889e+01
 3.66463171e+00 1.43432947e+01
 4.96671647e+00 1.32558219e+01
 2.98402974e+00 1.47482870e+01
 -4.95461551e-01 8.01885017e+00
 4.50176811e+00 1.65691883e+01
 6.23542714e+00 5.97079575e+00
 3.05941404e+00 1.47434933e+01
 5.34533285e+00 1.57659532e+01
 1.26669857e+00 1.13092539e+01
 2.02879065e+00 1.39200230e+01
 6.17404498e+00 1.11010822e+01
 6.40401889e+00 1.04207581e+01
 -8.42690927e-01 6.70736884e+00
 2.26361524e+00 1.36492152e+01
 4.72719114e+00 1.35149467e+01
 7.48332721e+00 5.40044258e+00
 3.14505303e+00 1.42378553e+01
 7.31456056e+00 6.08347009e+00
 2.90667942e+00 1.49305139e+01
 3.58593139e-02 8.75812062e+00
 5.77105621e+00 1.10904028e+01
 1.63422635e+00 1.06501647e+01
 5.40571780e+00 1.20404797e+01
 5.74653956e+00 1.25323992e+01
 -3.87182783e-01 9.48425933e+00
 8.44490136e-01 9.80196149e+00
 4.44642988e+00 1.43625448e+01
 3.13264897e+00 1.51098882e+01
 2.83352271e+00 1.28241667e+01
 3.65485891e+00 1.25335057e+01
 -7.31516558e-01 8.31967876e+00
 -7.68195652e-01 7.99760589e+00
 6.20104718e+00 1.19683763e+01
 5.85815348e+00 1.19638025e+01
 5.34243594e+00 1.51333393e+01
 7.62753089e+00 7.09979727e+00
 1.94856616e+00 1.27835977e+01
 2.63979182e+00 1.20292361e+01
 1.41912862e+00 1.26915811e+01
 5.87017852e+00 9.84784564e+00
 5.17025643e+00 1.34505782e+01
 5.70156457e+00 1.10382454e+01
 6.12888358e+00 1.19105877e+01
 -1.30735876e+00 5.07918173e+00
 4.88952655e+00 1.28889140e+01
 3.31424618e+00 1.38890688e+01
 2.77020739e+00 1.58085138e+01
 7.16363871e+00 5.39445948e+00
 6.31456804e+00 1.04100722e+01
 2.73449346e+00 1.27888530e+01
 -1.72389493e-01 8.94302093e+00
 5.93339370e+00 1.19642106e+01
 8.07378241e-01 1.05731142e+01
 3.54758395e+00 1.53626252e+01
 2.59689807e+00 1.48559295e+01
 7.73607828e+00 5.74780133e+00
 6.89751985e+00 6.58145169e+00
 1.26275022e+00 1.27023031e+01
 6.69959053e+00 8.47762075e+00
 2.71511137e+00 1.45644404e+01
 -1.16422950e+00 6.40548119e+00
 1.16153750e+00 1.27057928e+01
 5.01519726e+00 1.33629060e+01
 3.28614281e+00 1.53552312e+01
 3.30831094e+00 1.33752861e+01
 3.81144924e+00 1.49694877e+01
 7.00685127e+00 6.16580834e+00
 4.64776532e+00 1.31199485e+01
 4.14911249e+00 1.28095155e+01
 6.60559385e+00 7.91883000e+00
 6.29256562e+00 1.25937284e+01
 4.16585378e+00 1.21803502e+01
 5.54338722e+00 1.07636680e+01
 4.29292193e+00 1.57157739e+01
 4.00342030e+00 1.30102663e+01
 6.46162530e+00 1.02888271e+01
 -2.03696951e+00 5.78267191e+00
 8.12512664e-01 1.24532864e+01
 4.75541755e+00 1.46991124e+01
 -1.17728280e+00 5.67835930e+00
 1.02349812e+00 1.08929383e+01
 -2.18748804e-01 8.60391394e+00
 4.77475484e+00 1.36097283e+01
 -1.17483397e+00 7.46259380e+00
 5.01396239e+00 1.32929550e+01
 6.87029672e+00 4.90577140e+00
 5.81745311e+00 1.03417708e+01
 6.44113579e+00 1.04975208e+01
 7.07967087e+00 7.92086713e+00
 5.92345376e+00 1.57104924e+01
 7.44687563e-02 1.02191522e+01
 4.34788621e+00 1.56663546e+01
 2.42153008e+00 1.47711138e+01
 6.24013205e+00 8.74312863e+00
 6.70209633e+00 8.31342765e+00
 1.83431914e-01 9.03237830e+00
 4.25543211e+00 1.53430928e+01
 -1.77336163e+00 5.29036151e+00
 4.67043056e+00 1.70401527e+01
 1.04553249e+00 1.17830908e+01
 1.00215958e+00 1.28108044e+01
 5.91565908e+00 1.43271434e+01
 4.74449664e+00 1.59204917e+01
 2.56000025e+00 1.24982821e+01
 5.01035132e+00 1.43070721e+01
 2.17866517e+00 1.30706672e+01
 -8.84980709e-01 6.22968960e+00
 4.46241543e+00 1.46801154e+01
 6.22669529e+00 1.08385829e+01
 6.49106664e+00 7.99810244e+00
 1.52703177e-01 1.07296690e+01
 1.05434682e+00 1.30207291e+01
 2.12260196e+00 1.50075408e+01
 4.84139266e+00 1.29564749e+01
 6.66048139e+00 9.11917592e+00
 1.93273350e+00 1.33621437e+01
 1.28277861e+00 1.25279407e+01
 2.93602107e+00 1.36494319e+01
 2.77758029e+00 1.35098721e+01
 2.23253049e+00 1.41687194e+01
 7.38108806e+00 4.28618903e+00
 1.82320300e+00 1.20422957e+01
 2.27219388e+00 1.29775631e+01
 6.37603239e+00 1.07929379e+01
 -2.63592283e-01 8.42386763e+00
 3.59951327e+00 1.49887160e+01
 5.45609366e+00 1.44465553e+01
 6.11355713e+00 7.68250312e+00
 6.06066161e+00 1.41220120e+01
 2.66787260e+00 1.44885959e+01
 9.38035948e-01 1.19713126e+01
 5.47586219e+00 1.59735667e+01
 3.60263268e+00 1.53272523e+01
 6.60741827e+00 7.71589549e+00
 5.09194060e-01 1.06244652e+01
 -9.30986929e-01 6.40392044e+00
 5.25795875e+00 1.35418091e+01
 1.04174112e+00 1.35206767e+01
 6.19397485e+00 8.55658414e+00
 7.13551895e+00 9.68203694e+00
 4.27653806e+00 1.46749689e+01
 4.39330235e+00 1.56671937e+01
 4.94932504e+00 1.55201829e+01
 7.58106620e-01 1.16567626e+01
 7.47218970e+00 4.54244811e+00
 5.61586611e+00 1.16664789e+01
 1.75784903e-02 8.18511217e+00
 5.17791969e+00 1.41835047e+01
 5.56821492e+00 1.38998720e+01
 6.91332223e+00 1.10819138e+01
 2.27933356e+00 1.39849695e+01
 1.62641294e+00 1.47418914e+01
 8.67349967e-01 1.13449217e+01
 5.02667088e+00 1.12453541e+01
 3.14382173e+00 1.38636089e+01
 5.07676252e+00 1.27960113e+01
 1.74706614e+00 1.15837254e+01
 6.51182203e+00 8.15837956e+00
 6.63024910e+00 1.01030246e+01
 4.64420880e+00 1.51157627e+01
 2.23679839e-01 1.11868439e+01
 3.63052306e+00 1.49900763e+01
 3.46490660e-01 8.62985215e+00
 6.97271395e-01 1.31128752e+01
 6.49558526e+00 8.26711805e+00
 7.67433062e-01 1.12060136e+01
 6.73517379e+00 9.60094797e+00
 5.71424790e+00 9.69235107e+00
 2.89002230e-01 8.61696482e+00
 1.53077700e+00 1.27327461e+01
 3.57873483e+00 1.46946833e+01
 6.50786293e-02 8.35103385e+00
 3.89151749e+00 1.34076739e+01
 6.40340656e+00 1.15045653e+01
 2.84195641e+00 1.46604643e+01
 5.93403917e+00 9.71096010e+00
 1.69889674e+00 1.15729258e+01
 7.04677390e+00 7.40134398e+00
 3.79287066e+00 1.56101420e+01
 1.04716573e+00 1.07979168e+01
 3.09304818e+00 1.32351231e+01
 5.37924861e+00 1.29279613e+01
 6.99086773e+00 7.70115918e+00
 6.38755902e+00 1.08816572e+01
 1.44023397e+00 1.14450023e+01
 5.30086641e+00 9.61443791e+00
 7.10883482e+00 4.31903168e+00
 2.87568875e+00 1.42401435e+01
 -6.34745306e-01 8.71115167e+00
 1.85340967e+00 1.15718697e+01
 3.53549508e+00 1.16354986e+01
 1.67912059e+00 1.34300832e+01
 -4.79320880e-01 7.33823531e+00
 6.01719502e+00 1.15803090e+01
 4.43736571e+00 1.16080937e+01
 5.33350485e+00 1.25681482e+01
 6.53116722e+00 6.42151910e+00
 4.89514753e+00 1.24611211e+01
 6.64058586e+00 4.77213197e+00
 1.67354553e+00 1.07145911e+01
 4.18422151e+00 1.28639472e+01
 5.94237709e-02 1.07796424e+01
 2.89072413e+00 1.39697563e+01
 1.48953893e+00 1.26645543e+01
 6.59084149e+00 9.25364678e+00
 5.19500462e+00 1.17029040e+01
 5.56006425e+00 1.26726778e+01
 8.61450681e-01 1.00777478e+01
 4.04199278e+00 1.41882268e+01
 3.32633156e+00 1.22905149e+01
 1.33788836e+00 1.36719651e+01
 3.97748188e+00 1.30386972e+01
 -7.18515083e-01 6.52860379e+00
 9.46076303e-01 1.10707537e+01
 4.26704918e+00 1.39529510e+01
 4.03052605e+00 1.61167982e+01
 2.76624361e+00 1.58254222e+01
 1.61537804e+00 1.18926561e+01
 7.05388691e+00 7.55362815e+00
 5.73767617e+00 1.30740660e+01
 5.28439938e+00 1.33981635e+01
 3.80184121e+00 1.57687555e+01
 3.47151255e+00 1.59703209e+01
 -1.17543890e+00 5.67925453e+00
 6.18141195e+00 7.92512785e+00
 3.17633279e+00 1.50095375e+01
 4.44995972e-01 1.06796430e+01
 5.83452979e+00 1.29421327e+01
 6.72261137e+00 7.95956597e+00
 6.79869758e+00 7.34245960e+00
 5.05570847e+00 1.14170445e+01
 3.59637905e+00 1.65654918e+01
 4.34525373e+00 1.38770432e+01
 5.26098484e+00 1.24833679e+01
 3.41383692e+00 1.37098988e+01
 -2.79721159e-01 7.62331825e+00
 7.15200847e+00 4.60192803e+00
 1.47369612e+00 1.23286041e+01
 2.62289231e-01 1.03542490e+01
 6.78861012e+00 6.09408590e+00
 5.12886849e+00 1.01529902e+01
 4.63755960e+00 1.22819797e+01
 9.54883944e-01 1.12272899e+01
 3.60896878e+00 1.40660290e+01
 1.16178060e+00 1.18307798e+01
 1.81393966e+00 1.31618057e+01
 3.46644719e+00 1.51857982e+01
 6.37082028e-01 1.12513379e+01
 7.01837386e+00 6.22334003e+00
 5.24721534e+00 1.06375503e+01
 5.57842180e+00 1.44288854e+01
 2.49253083e+00 1.40824487e+01
 3.68404084e+00 1.40880465e+01
 6.22805469e+00 8.23347531e+00
 1.72548464e+00 1.42114625e+01
 1.22110486e+00 1.23402553e+01
 1.03725628e+00 9.35615054e+00
 5.75715820e+00 8.64444874e+00
 7.08570068e+00 5.67247946e+00
 3.27620790e+00 1.57221156e+01
 4.24783829e+00 1.25310113e+01
 3.18334784e-01 8.76219866e+00
 9.83395211e-01 1.09654534e+01
 6.63773598e+00 8.89682065e+00
 5.67103443e+00 1.08394113e+01
 -7.78056797e-01 7.46862047e+00
 3.24442405e+00 1.46342467e+01
 4.08871131e+00 1.54956210e+01
 5.68889324e+00 1.37499648e+01
 -4.24150789e-01 8.74854006e+00
 5.56678427e+00 1.00577263e+01
 4.73764221e+00 1.41751593e+01
 6.28965979e+00 9.67589174e+00
 1.02421449e+00 1.07569872e+01
 4.72941731e+00 1.63464573e+01
 -8.15565591e-01 7.04708047e+00
 -1.83506743e+00 5.87309855e+00
 5.72944940e+00 1.19024033e+01
 -1.47746169e+00 5.71166190e+00
 -9.35796356e-01 6.26335891e+00
 6.64725370e+00 8.48513532e+00
 6.17188044e+00 1.13844142e+01
 6.27006675e+00 1.23207577e+01
 5.42915141e+00 9.81005496e+00
 4.21081339e+00 1.55071806e+01
 3.33265981e+00 1.61395403e+01
 4.57383557e+00 1.57683766e+01
 7.13350072e+00 6.43784493e+00
 2.40306752e+00 1.42792008e+01
 4.47257275e+00 1.20305460e+01
 6.83249954e+00 8.65057783e+00
 6.33715964e-01 1.12773375e+01
 6.59880237e+00 7.19525104e+00
 3.84537594e-01 9.26562359e+00
 2.51551624e+00 1.25408600e+01
 3.68560794e+00 1.47755322e+01
 2.87383328e+00 1.41859575e+01
 1.60382510e+00 1.21530154e+01
 2.85320290e+00 1.70203846e+01
 1.74378446e+00 1.31712258e+01
 6.07195150e+00 1.01633803e+01
 5.52357637e+00 1.25466147e+01
 6.84499202e+00 5.23324460e+00
 -1.09264221e+00 5.99722461e+00
 6.44583282e+00 8.21216596e+00
 6.35411712e+00 8.64383496e+00
 3.48253960e+00 1.64380008e+01
 1.35507467e+00 1.16800132e+01
 2.97460309e+00 1.48091835e+01
 -1.91450797e+00 5.07949526e+00
 4.87303735e+00 1.29302328e+01
 4.37824950e+00 1.48117979e+01
 6.70971198e+00 9.23044272e+00
 3.63309562e+00 1.09443092e+01
 5.63865546e+00 1.27219571e+01
 1.48768048e+00 1.26170259e+01
 2.87819910e+00 1.50836388e+01
 6.82574764e+00 6.81296844e+00
 3.80122667e+00 1.33456868e+01
 5.72813546e+00 1.08300281e+01
 9.49934989e-01 9.73495089e+00
 6.47333391e+00 8.50284314e+00
 1.35108559e+00 1.27386456e+01
 3.15422869e+00 1.21567974e+01
 -2.56325230e-01 8.11718926e+00
 2.21912414e+00 1.16083664e+01
 3.15004218e+00 1.54153622e+01
 3.35911889e+00 1.53981308e+01
 2.33880705e+00 1.23743797e+01
 -1.53586232e+00 5.59525965e+00
 -1.79698207e+00 5.08110972e+00
 5.36887871e+00 1.50136607e+01
 4.85319051e+00 1.10446168e+01
 2.88518292e+00 1.51727575e+01
 5.25338323e+00 1.22609272e+01
 6.00027265e+00 1.21723934e+01
 5.99955964e-02 1.17770462e+01
 7.15531114e+00 5.18430612e+00
 2.35752382e+00 1.28762428e+01
 6.94244490e+00 7.91734886e+00
 1.65151719e-01 1.09234803e+01
 4.47087560e+00 1.48572698e+01
 1.75392337e+00 1.13387964e+01
 6.23006452e+00 1.05548962e+01
 1.22896900e+00 1.18121089e+01
 7.72847687e+00 7.21823971e+00
 5.63844640e+00 1.29135484e+01
 5.14037859e+00 1.26972666e+01
 -1.14245105e+00 6.72279166e+00
 -7.06121874e-01 6.96665640e+00
 2.96235359e+00 1.53388763e+01
 4.19427744e+00 1.54093188e+01
 2.06688191e+00 1.39093842e+01
 6.67209433e+00 7.15662081e+00
 5.09893461e-01 1.29888403e+01
 -1.44167546e+00 5.51855940e+00
 6.25800003e+00 7.48997786e+00
 -1.37299220e+00 6.05587584e+00
 6.82360606e+00 7.88201939e+00
 2.04488361e+00 1.29589960e+01
 3.97086022e+00 1.62322652e+01
 3.71872655e+00 1.86809523e+01
 3.88178944e+00 1.10102219e+01
 5.60543462e+00 1.38316838e+01
 5.38200329e+00 1.75696772e+01
 1.28288726e+00 1.26601688e+01
 2.90884839e+00 1.27973308e+01
 4.62232410e+00 1.20526775e+01
 6.63586750e+00 5.88917076e+00
 2.48181407e+00 1.23648315e+01
 1.57135873e+00 1.41834659e+01
 6.20015800e+00 1.10082479e+01
 -1.58843344e+00 5.69590617e+00
 -1.15617729e+00 6.60939171e+00
 -2.97871037e-01 8.73737154e+00
 5.12204392e+00 1.51693627e+01
 7.41003318e+00 8.09150009e+00
 7.00336679e+00 4.67132629e+00
 -8.05425571e-01 7.80473235e+00
 5.73254539e+00 1.34539678e+01
 4.52153913e+00 1.36375037e+01
 7.46911152e+00 5.30209919e+00
 2.86112362e+00 1.41992084e+01
 2.69573223e+00 1.35210406e+01
 7.28556648e+00 7.61002668e+00
 -8.04038916e-01 6.93858946e+00
 6.53729485e+00 1.06353719e+01
 6.97208850e+00 5.30023398e+00
 6.56035029e+00 7.54851573e+00
 8.39193550e-01 1.14796976e+01
 4.97829449e+00 1.34911731e+01
 5.00450609e+00 1.40667482e+01
 1.17542706e+00 9.97323699e+00
 4.10635636e+00 1.50327596e+01
 3.07042891e+00 1.55080890e+01
 -1.01628407e+00 6.78664702e+00
 5.96137752e+00 1.22555937e+01
 6.99047264e+00 1.10782876e+01
 6.22974900e+00 9.29858333e+00
 5.31326119e+00 1.11441477e+01
 4.05260203e+00 1.55384178e+01
 1.99851541e+00 1.31671671e+01
 4.96699106e+00 1.32274514e+01
 6.99375716e+00 9.19096097e+00
 7.02966630e+00 9.14680712e+00
 4.83124408e-02 8.99362329e+00
 5.33054127e+00 1.05988669e+01
 1.55705212e-01 8.67828458e+00
 -2.24556849e-01 9.68738219e+00
 4.68877476e+00 1.41860571e+01
 4.17404232e+00 1.23230724e+01
 5.36749963e+00 1.37647306e+01
 -3.52870275e-01 8.29123706e+00
 4.15685286e-01 1.00605686e+01
 3.78343427e+00 1.47591603e+01
 2.53729622e+00 1.31763833e+01
 3.46682910e+00 1.58439100e+01
 3.15066248e+00 1.22212463e+01
 2.72752414e+00 1.39772689e+01
 6.12006847e+00 1.04334359e+01
 3.85906798e+00 1.45086251e+01
 7.35311304e+00 4.39508369e+00
 3.54699730e+00 1.51140472e+01
 4.05325412e+00 1.53232454e+01
 9.20740516e-01 1.43789142e+01
 -1.04872627e+00 8.75217128e+00
 -1.27316851e+00 6.56848336e+00
 5.61632007e-01 1.02029717e+01
 1.60414125e+00 1.29973006e+01
 5.95953415e-01 1.16303384e+01
 4.65038461e+00 1.39247826e+01
 4.10287051e+00 1.48244166e+01
 2.83492924e+00 1.66962549e+01
 6.15409977e+00 7.67417694e+00
 -1.56724839e+00 5.68998665e+00
 7.00400152e+00 4.85628120e+00
 6.29932049e+00 1.00432755e+01
 6.57667155e+00 8.47150581e+00
 2.45322118e+00 1.52910576e+01
 2.61323506e+00 1.58883432e+01
 6.20788262e+00 1.15461744e+01
 2.01681289e+00 1.29764848e+01
 3.40789658e+00 1.46157611e+01
 -6.93429902e-01 7.22259908e+00
 -9.49893132e-01 7.23012727e+00
 -1.89938676e+00 5.28344357e+00
 7.07752015e-01 1.10940367e+01
 -8.04798711e-01 7.06437511e+00
 5.01953773e+00 1.22895030e+01
 5.26016147e+00 1.27357396e+01
 1.93422275e-01 1.02181432e+01
 6.73427919e+00 7.97450904e+00
 -1.45800828e+00 5.71862460e+00
 1.76638773e+00 1.28071091e+01
 3.62839203e+00 1.47506467e+01
 6.50210321e+00 1.15943163e+01
 4.81736548e+00 1.27264329e+01
 3.24269342e-03 8.69879801e+00
 5.22559242e+00 1.45545070e+01
 5.28969667e+00 1.24228586e+01
 5.41705618e+00 1.23235856e+01
 7.01477822e+00 6.83150665e+00
 -1.56932277e+00 5.35823965e+00
 3.63534957e+00 1.57313450e+01
 1.13669181e+00 1.19137733e+01
 -1.63032283e+00 6.34354438e+00
 4.85179279e-01 1.00241394e+01
 3.28584952e+00 1.28482585e+01
 -2.99309699e-01 8.35225471e+00
 3.03235416e+00 1.55802632e+01
 6.27461570e+00 1.22260201e+01
 3.18588478e+00 1.28215948e+01
 5.40781970e+00 1.44456534e+01
 6.99976989e+00 7.67871070e+00
 1.88151001e+00 1.39704636e+01
 4.49127032e+00 1.51832580e+01
 6.26153156e+00 7.17655873e+00
 -6.38923441e-01 8.64999645e+00
 2.62333423e+00 1.41508404e+01
 -1.16080014e+00 7.22051745e+00
 1.96466208e+00 1.45664566e+01
 7.10691624e+00 6.98681565e+00
 4.07919675e+00 1.62702170e+01
 5.33256464e+00 1.23497126e+01
 2.75248203e+00 1.42870610e+01
 2.07221116e-01 1.11594624e+01
 3.18525860e+00 1.50571789e+01
 4.44069304e+00 1.44119807e+01
 4.80006069e+00 1.07429492e+01
 5.16788444e+00 1.13828621e+01
 5.69311470e+00 1.20361749e+01
 4.65013027e+00 1.23820993e+01
 6.96141617e+00 5.43881714e+00
 1.26581265e+00 1.44812350e+01
 6.88296970e+00 8.60088543e+00
 2.71818871e+00 1.46844000e+01
 4.75994446e+00 1.23880443e+01
 6.39228211e-01 1.15863246e+01
 5.37248031e+00 1.55173259e+01
 3.81480396e+00 1.51200305e+01
 5.92731632e+00 1.40922835e+01
 1.58711412e+00 1.52018196e+01
 7.55442713e+00 4.87260180e+00
 5.66670784e-01 1.13015316e+01
 7.09520577e+00 5.44574032e+00
 3.21959532e+00 1.37606305e+01
 6.19542293e+00 1.19450694e+01
 2.76215741e+00 1.31891961e+01
 -9.29993933e-01 6.38093306e+00
 4.13334199e+00 1.40212594e+01
 -1.31371135e+00 5.71026709e+00
 5.30611662e+00 1.46421332e+01
 3.53762669e+00 1.44397563e+01
 4.31644690e+00 1.23562589e+01
 3.75636366e+00 1.36507896e+01
 6.29218128e+00 7.86477034e+00
 6.51113630e+00 5.40546106e+00
 -6.24512956e-01 7.50155270e+00
 5.79576642e+00 1.26523534e+01
 3.22180010e+00 1.51557586e+01
 3.77990965e+00 1.37365441e+01
 -1.96628423e+00 6.07922892e+00
 5.59272610e+00 1.51601161e+01
 6.22569181e+00 1.04468650e+01
 2.24524571e+00 1.52688085e+01
 4.36245903e+00 1.44413901e+01
 -1.36065719e+00 5.47432385e+00
 2.05947662e+00 1.51499443e+01
 6.51600372e+00 1.09566750e+01
 2.95269031e+00 1.16894510e+01
 5.91024645e+00 1.26486853e+01
 2.09012946e+00 1.35745334e+01
 2.07266684e+00 1.35526500e+01
 6.10514251e+00 1.00582424e+01
 6.17000501e-01 1.17587244e+01
 4.43247149e+00 1.69034030e+01
 2.63883859e+00 1.41904213e+01
 4.86872138e+00 1.57731836e+01
 2.68946887e+00 1.33324673e+01
 -6.38756741e-02 1.02381743e+01
 1.39109391e+00 1.27904688e+01
 5.81458661e+00 1.23243868e+01
 4.16078008e+00 1.40090917e+01
 -1.63141378e+00 5.13773801e+00
 6.63029595e+00 6.67114664e+00
 6.77432830e+00 1.01977485e+01
 1.80954606e+00 1.31955637e+01
 5.59454005e+00 1.31124354e+01
 6.10890435e+00 1.13831429e+01
 4.94886340e+00 1.29330458e+01
 3.72326888e+00 1.43976314e+01
 6.26061582e+00 1.20941805e+01
 3.85984067e-01 9.32080992e+00
 6.10073145e+00 1.18947397e+01
 4.63038497e-01 1.22269876e+01
 3.22684517e+00 1.43573438e+01
 4.72695362e+00 1.27597828e+01
 2.53442141e+00 1.50200896e+01
 6.97268521e+00 6.74082801e+00
 1.65805668e+00 1.30771002e+01
 5.30995740e+00 1.14337595e+01
 6.59622837e+00 5.23112776e+00
 5.96127429e+00 1.03194819e+01
 2.81886846e+00 1.42583974e+01
 1.71618096e-01 9.85629390e+00
 5.11535978e+00 1.41272839e+01
 5.87887414e+00 1.47072094e+01
 1.93038973e-01 9.28445765e+00
 6.82189352e+00 6.23584939e+00
 2.77098344e+00 1.34481573e+01
 -3.62372745e-01 1.03696565e+01
 6.95344252e+00 8.80260449e+00
 4.41880013e+00 1.29606401e+01
 6.50430628e+00 1.00717023e+01
 4.64108494e+00 1.16230114e+01
 5.85510378e+00 1.35155658e+01
 2.06161247e+00 1.35808414e+01
 -1.15169637e+00 5.52942951e+00
 4.63500086e+00 1.25923949e+01
 1.75014519e+00 1.54352293e+01
 4.43800915e+00 1.33235918e+01
 4.55794817e+00 1.61955578e+01
 6.15298998e+00 8.14793625e+00
 6.90471049e+00 6.90191348e+00
 -1.07567142e+00 6.91791137e+00
 4.62703716e+00 1.16282687e+01
 4.39070176e+00 1.58573500e+01
 -9.68210062e-01 6.95606948e+00
 -6.69191560e-01 7.61868451e+00
 5.27226828e+00 1.30680294e+01
 7.11699501e+00 7.62794168e+00
 -1.79567375e+00 5.88019691e+00
 2.90011864e+00 1.35364381e+01
 6.44948295e-01 1.28434170e+01
 6.59546511e+00 9.96938992e+00
 6.22524560e+00 1.03610301e+01
 2.36152133e+00 1.34329731e+01
 6.41139491e+00 1.37989737e+01
 6.16259150e+00 1.30267613e+01
 -5.23696790e-01 7.89519803e+00
 4.99829567e+00 1.11115316e+01
 1.12417179e-01 1.02793799e+01
 2.56909421e+00 1.50452083e+01
 2.21726890e+00 1.61857385e+01
 6.50776990e+00 8.42768091e+00
 4.41306022e+00 1.51071425e+01
 3.04482825e+00 1.50218837e+01
 3.56433630e+00 1.47685908e+01
 6.73208027e+00 5.76607024e+00
 4.41299689e+00 1.52407350e+01
 4.27916372e+00 1.27117414e+01
 4.03545126e+00 1.29794892e+01
 1.07554981e+00 1.21057593e+01
 1.84010355e+00 1.22033848e+01
 6.50720960e+00 9.50627222e+00
 4.91036074e+00 1.39991430e+01
 1.58291518e+00 1.30016968e+01
 -9.53414394e-01 7.85032409e+00
 4.26006610e+00 1.36161363e+01
 7.42382521e-01 1.00244060e+01
 3.90133769e+00 1.45920667e+01
 4.89431116e+00 1.42870849e+01
 1.73222364e+00 1.26064354e+01
 4.12382582e-01 1.09168635e+01
 2.59442319e+00 1.35600985e+01
 6.41759265e+00 9.28619812e+00
 2.92910604e+00 1.57968712e+01
 2.30320609e+00 1.27197848e+01
 1.52199576e+00 1.07450140e+01
 2.66107251e+00 1.58160309e+01
 -1.71875173e+00 6.65700170e+00
 6.58307371e+00 9.51476996e+00
 3.53599328e+00 1.51728906e+01
 -4.32592191e-01 7.64530501e+00
 1.05458322e+00 1.04171216e+01
 -1.39015658e+00 5.91314255e+00
 1.58154269e+00 1.23297926e+01
 5.77106566e+00 1.44966747e+01
 3.91361947e+00 1.49266547e+01
 1.54157181e+00 1.29213125e+01
 -3.30448983e-01 9.08741251e+00
 3.09975190e+00 1.48379154e+01
 -8.33977452e-01 6.15523295e+00
 6.80113045e+00 6.47523205e+00
 1.21066348e+00 1.28223121e+01
 -7.97353893e-01 6.99680606e+00
 -1.46816023e+00 5.74365878e+00
 -1.27587326e+00 5.46221436e+00
 4.95338041e+00 1.50902487e+01
 5.51431841e+00 1.38850463e+01
 3.69951501e-01 1.00119063e+01
 4.38672900e+00 1.41378034e+01
 -1.22412605e+00 7.33995129e+00
 6.76130559e+00 1.13351356e+01
 7.00214547e+00 8.71248203e+00
 4.57032684e+00 1.23030910e+01
 3.25724896e+00 1.18367100e+01
 4.19329987e+00 1.15469909e+01
 4.60200601e+00 1.36846891e+01
 5.76170553e+00 1.25984408e+01
 -1.56410487e+00 5.44100788e+00
 -1.24622224e+00 4.93387025e+00
 1.41538431e+00 1.24604834e+01
 6.41681194e+00 9.47947582e+00
 -2.22937345e+00 5.11310668e+00
 2.60236740e+00 1.54671922e+01
 -8.67694181e-01 7.25591030e+00
 5.95731263e+00 1.27821970e+01
 1.44683799e+00 1.19577669e+01
 4.25423477e-02 9.41054384e+00
 3.20643677e+00 1.37297593e+01
 5.11962370e+00 1.27369658e+01
 3.01879111e+00 1.39617649e+01
 1.56209557e+00 1.37749729e+01
 5.57233363e+00 1.24334565e+01
 3.63357468e+00 1.27064464e+01
 2.14664776e+00 1.30908581e+01
 6.13904177e+00 1.21074799e+01
 5.30918971e+00 1.38067854e+01
 6.40570449e-03 1.21529081e+01
 4.99391476e+00 1.15124505e+01
 4.85522482e+00 1.29415036e+01
 4.99079801e+00 1.45802683e+01
 2.52210634e+00 1.20670516e+01
 -4.53313809e-01 8.18325391e+00
 5.79022391e+00 1.07248132e+01
 1.95891977e+00 1.25386442e+01
 2.12381565e+00 1.47990368e+01
 2.61559792e+00 1.40843169e+01
 3.19538500e+00 1.58399692e+01
 4.22127440e+00 1.43522136e+01
 2.95144417e+00 1.26857426e+01
 -1.28060708e-01 1.03378232e+01
 4.55994024e+00 1.23181215e+01
 5.27814319e+00 1.03606441e+01
 -6.96035156e-01 8.34097861e+00
 -1.36251937e+00 7.00882087e+00
 5.47499326e+00 1.34059235e+01
 3.89500618e+00 1.41442363e+01
 4.14510992e+00 1.42879215e+01
 6.18900976e+00 1.09616552e+01
 2.85357941e+00 1.49128146e+01
 6.45468240e+00 1.00905987e+01
 1.83714154e+00 1.20873202e+01
 -9.61623739e-01 5.94787329e+00
 8.09680287e-01 1.04067246e+01
 3.95566106e+00 1.28587995e+01
 6.83492786e+00 6.46997657e+00
 2.00537823e+00 1.11733548e+01
 1.40561686e+00 1.29596135e+01
 5.09625845e+00 1.17981785e+01
 4.31412878e+00 1.38253956e+01
 6.49072068e+00 6.68152016e+00
 2.29417332e+00 1.23905296e+01
 2.62245403e+00 1.17813563e+01
 5.13062388e+00 1.43174290e+01
 -5.22429937e-01 8.12012157e+00
 5.08543429e+00 1.13828595e+01
 1.59908703e+00 1.29568578e+01
 8.03118268e-02 9.01951702e+00
 2.43141583e+00 1.17123616e+01
 3.06751168e+00 1.32523461e+01
 7.17998541e+00 5.56748131e+00
 7.16981984e+00 6.64060440e+00
 6.05462934e+00 1.20613518e+01
 -2.93327738e-01 9.21364156e+00
 1.20500131e+00 1.21756061e+01
 2.24619075e+00 1.20489070e+01
 7.72440637e+00 4.47092594e+00
 3.66759632e+00 1.47132202e+01
 4.18526876e+00 1.45500500e+01
 5.91136212e+00 1.25625340e+01
 6.35067830e+00 8.55024465e+00
 2.76037758e+00 1.48939470e+01
 7.14598556e+00 5.94708846e+00
 2.05361775e+00 1.33835742e+01
 3.43371830e+00 1.40316304e+01
 6.43247202e+00 8.40401823e+00
 3.68352415e+00 1.49429992e+01
 3.59158635e+00 1.52529529e+01
 2.44044211e+00 1.46646460e+01
 3.95774942e+00 1.40234299e+01
 3.28080356e+00 1.32656047e+01
 3.68648314e+00 1.38482651e+01
 7.15858046e+00 6.09690529e+00
 6.26680843e+00 1.03146147e+01
 3.27660518e+00 1.54177793e+01
 6.66843515e+00 6.17217948e+00
 5.92102611e+00 9.19133500e+00
 7.45513226e+00 6.17165249e+00
 6.56244318e+00 6.06363675e+00
 3.28877832e+00 1.38976830e+01
 6.58735500e+00 8.42295454e+00
 2.10585472e+00 1.30268588e+01
 3.19002365e+00 1.33200408e+01
 3.99522289e+00 1.33684507e+01
 -3.51080456e-02 7.77471001e+00
 2.35673818e+00 1.48698798e+01
 7.06431793e+00 7.85655426e+00
 4.60368238e+00 1.41234067e+01
 1.88734954e+00 1.25637376e+01
 5.68986940e+00 8.68657652e+00
 5.82657961e+00 1.04950455e+01
 1.27334776e+00 1.22717433e+01
 -1.61923749e+00 6.27415534e+00
 3.50816939e+00 1.44385032e+01
 5.02779477e+00 1.43369518e+01
 6.84679968e+00 8.41374516e+00
 2.66815515e+00 1.17096276e+01
 3.51668975e+00 1.33467761e+01
 3.83913410e+00 1.45396876e+01
 -2.48329039e-01 7.25755712e+00
 5.89406359e+00 1.01316830e+01
 3.98430945e+00 1.29700281e+01
 2.68637379e+00 1.31190551e+01
 6.10760418e+00 8.24632069e+00
 2.36282179e+00 1.37259614e+01
 6.44244137e+00 9.38489784e+00
 5.08630146e+00 1.30249533e+01
 2.81275969e+00 1.38568178e+01
 -3.96536774e-01 8.60334236e+00
 7.16536506e+00 6.91204980e+00
 5.06075052e+00 1.38036800e+01
 3.79020232e+00 1.29161805e+01
 6.55500130e+00 8.48392628e+00
 -1.04218298e+00 6.76477701e+00
 3.81970614e-01 1.13147106e+01
 2.67290209e+00 1.33779002e+01
 6.57903770e+00 5.52047374e+00
 2.49305011e+00 1.33763859e+01
 3.74815187e+00 1.55949405e+01
 -2.42933219e-01 8.89680924e+00
 -7.40192798e-01 5.99891083e+00
 8.17698180e-01 1.08252003e+01
 6.32540088e+00 7.61615741e+00
 6.71814289e+00 7.93994962e+00
 5.79640846e+00 1.10999902e+01
 2.01266387e+00 1.49773804e+01
 4.76684323e+00 1.17657685e+01
 6.27150058e+00 1.16916471e+01
 4.34592666e+00 1.56160705e+01
 -4.38052848e-01 6.94400555e+00
 7.02545550e+00 8.08909769e+00
 7.27016222e+00 7.31520496e+00
 5.55586324e+00 1.28710038e+01
 6.31320602e+00 9.46359024e+00
 -7.85983178e-01 7.30991615e+00
 6.75133257e+00 6.81830468e+00
 2.07842761e-01 1.22057949e+01
 5.99177500e+00 8.98637807e+00
 6.56282354e+00 1.01958211e+01
 2.83946867e+00 1.42984920e+01
 6.70709064e+00 7.00584103e+00
 6.09678282e+00 1.02005632e+01
 5.45703786e+00 1.63461847e+01
 1.98595380e-01 1.12091658e+01
 6.39872926e+00 8.74746818e+00
 3.33375377e+00 1.40576988e+01
 5.85520153e+00 1.29112031e+01
 7.16125683e+00 5.82980329e+00
 -8.21253485e-01 7.71776846e+00
 6.04482692e+00 1.10728604e+01
 5.58122754e+00 1.25083860e+01
 6.13023903e+00 1.08815124e+01
 2.97965488e+00 1.41522811e+01
 1.20179790e+00 1.18565775e+01
 2.30482248e+00 1.09464008e+01
 -3.82249326e-01 8.66560590e+00
 6.37205180e+00 9.77651196e+00
 4.06418599e+00 1.69978380e+01
 2.73082278e+00 1.36490019e+01
 3.50951880e+00 1.33308862e+01
 4.82153528e+00 9.02157222e+00
 5.02543380e+00 1.46649713e+01
 4.16516257e+00 1.39755442e+01
 1.64681248e+00 1.32822864e+01
 -1.13595086e+00 6.79316243e+00
 6.69637922e+00 1.24712429e+01
 5.48715724e+00 1.36296772e+01
 -6.31332702e-01 7.05398182e+00
 2.13836382e+00 1.32545458e+01
 6.02829099e+00 8.07466435e+00
 6.18364582e+00 1.26544076e+01
 -1.20150364e+00 8.18324210e+00
 7.34908249e+00 6.25374813e+00
 4.98172952e+00 1.27245475e+01
 2.77903477e+00 1.57074473e+01
 5.11839214e+00 1.38599283e+01
 2.37560721e+00 1.17024876e+01
 6.11665560e+00 8.87840414e+00
 6.15746937e+00 1.01061682e+01
 2.02003564e+00 1.32115741e+01
 -1.29902584e+00 5.64406954e+00
 4.02172766e+00 1.46865772e+01
 3.88130424e+00 1.28838303e+01
 2.77226592e-01 9.65054789e+00
 4.08204234e+00 1.61372694e+01
 2.53794596e+00 1.28037577e+01
 3.71446948e+00 1.44522031e+01
 4.95249434e+00 1.21291101e+01
 1.98961365e+00 1.43701924e+01
 2.75723702e+00 1.26391348e+01
 5.64449234e+00 1.26590209e+01
 -1.25256125e+00 7.09804753e+00
 4.93625054e+00 1.33379783e+01
 6.87960189e+00 6.01718478e+00
 5.77558375e+00 1.20640928e+01
 2.96994510e+00 1.43564788e+01
 4.41013634e+00 1.55565057e+01
 4.17378679e+00 1.39951642e+01
 3.26026325e+00 1.41368643e+01
 4.69971421e+00 1.58710396e+01
 5.81765474e+00 1.22625588e+01
 -1.92855831e+00 5.00003017e+00
 -1.51668442e+00 5.91605479e+00
 3.22675970e+00 1.39716529e+01
 7.05429366e+00 6.30533450e+00
 5.41903990e+00 9.52109766e+00
 7.11811769e+00 4.26092418e+00
 5.25591377e+00 1.23693376e+01
 6.40376482e+00 9.17765353e+00
 3.67338091e+00 1.43651815e+01
 -1.66279623e+00 5.25878298e+00
 2.72507986e+00 1.24080653e+01
 1.03112680e+00 1.08561816e+01
 1.49478479e-01 7.92801586e+00
 6.61330607e+00 6.04969166e+00
 4.56678353e+00 1.43831720e+01
 4.71318943e-01 1.08969271e+01
 1.26285573e+00 1.22543196e+01
 6.49924613e+00 9.32484904e+00
 4.78390115e+00 1.53696186e+01
 4.60316505e+00 1.39966574e+01
 3.91693667e+00 1.42263515e+01
 6.02468858e+00 9.37851525e+00
 4.83927339e+00 1.39438404e+01
 5.61284800e+00 1.28441531e+01
 4.80373164e+00 1.50843645e+01
 5.88847757e+00 1.14936561e+01
 3.37153119e+00 1.82183768e+01
 8.69300625e-02 1.04793565e+01
 3.69028085e+00 1.53351359e+01
 -1.56699122e-04 9.94008164e+00
 2.65433220e+00 1.55415150e+01
 1.02108294e+00 1.17490239e+01
 2.30877178e+00 1.34278737e+01
 5.06571152e+00 1.43306240e+01
 -1.62066073e+00 5.59076327e+00
 3.56290088e+00 1.49617304e+01
 5.10348252e+00 1.39788633e+01
 2.42574340e+00 1.51224255e+01
 1.88560636e+00 1.24331997e+01
 5.43925021e+00 1.37207273e+01
 6.92620641e+00 5.21074827e+00
 8.60436105e-02 1.08614811e+01
 7.91504644e-01 1.18985717e+01
 5.21835850e+00 1.32166721e+01
 4.24891674e-01 1.00505327e+01
 4.00010226e+00 1.57352822e+01
 4.14379372e+00 1.53847510e+01
 3.34372095e+00 1.37266658e+01
 1.05600096e-01 9.02785743e+00
 5.24084927e+00 1.13986047e+01
 7.11281034e+00 6.58586188e+00
 6.58438880e+00 9.47958532e+00
 5.52724788e+00 1.27956641e+01
 3.41752957e+00 1.41127799e+01
 6.10763875e+00 9.67355622e+00
 4.54681430e+00 1.32956398e+01
 4.68419414e+00 1.13274331e+01
 4.94462700e+00 1.35184766e+01
 6.21051234e+00 1.20453022e+01
 4.27317983e+00 1.56545681e+01
 -2.52145567e-01 9.00811208e+00
 7.44725862e+00 5.69708595e+00
 -1.03590555e+00 7.08987630e+00
 4.65443440e+00 1.40579541e+01
 1.62674369e+00 1.21259833e+01
 6.32727403e+00 7.98373735e+00
 1.50651885e+00 1.18036952e+01
 2.10393034e-01 9.74177354e+00
 -2.71739688e-01 1.04440523e+01
 5.35923686e+00 1.30592813e+01
 5.70413477e+00 1.01793330e+01
 -2.26777664e-02 1.06542709e+01
 8.73325339e-01 1.11186998e+01
 2.11930392e+00 1.29065734e+01
 3.14923325e+00 1.43888979e+01
 1.24842706e+00 1.32658327e+01
 3.84879836e+00 1.50807254e+01
 6.35220624e+00 9.71971444e+00
 3.38530681e+00 1.49922152e+01
 5.86733163e+00 1.14928877e+01
 -1.72561656e+00 5.29553375e+00
 1.80361311e+00 1.24674570e+01
 2.75199851e+00 1.32164565e+01
 7.47383298e+00 4.38371432e+00
 3.69457373e+00 1.40091071e+01
 1.92010112e+00 1.15542123e+01
 1.16518673e+00 1.21161727e+01
 3.21988308e+00 1.57175978e+01
 1.44833423e+00 1.37136610e+01
 4.51929100e-01 1.16625870e+01
 6.76966164e+00 8.77125070e+00
 5.76998982e-01 9.34193103e+00
 3.79798115e+00 1.51647959e+01
 4.58980174e+00 1.33406973e+01
 -5.25660685e-01 8.99336677e+00
 2.29034323e-01 9.25708095e+00
 1.65860971e+00 1.17436381e+01
 4.87777598e+00 1.46166624e+01
 6.98082425e+00 7.22385207e+00
 4.29672201e+00 1.31983367e+01
 5.58955673e+00 1.13752811e+01
 7.40450477e-01 1.11652789e+01
 4.02055057e-02 1.02601227e+01
 1.52597177e+00 1.05880307e+01
 2.68945535e+00 1.42307946e+01
 5.96467871e+00 1.31492484e+01
 3.78613792e+00 1.50958497e+01
 4.62122708e+00 1.39401560e+01
 5.71623682e+00 1.31707655e+01
 5.82928900e-01 9.85487310e+00
 3.51086316e+00 1.58136137e+01
 4.98841843e+00 1.35461931e+01
 8.80750456e-01 1.26989383e+01
 1.60353847e+00 1.23667385e+01
 2.91479548e+00 1.06640148e+01
 3.93028814e+00 1.57596748e+01
 -1.46107745e+00 5.91048990e+00
 3.42740326e+00 1.41577435e+01
 3.66170133e+00 1.46587792e+01
 5.72189794e+00 1.16699051e+01
 1.39327857e+00 1.28560062e+01
 -6.47612981e-01 9.09493714e+00
 2.36808863e+00 1.37802705e+01
 6.07187038e+00 7.68371582e+00
 5.40903244e+00 1.26969491e+01
 3.28127522e+00 1.32619695e+01
 -1.60425601e+00 6.89836884e+00
 4.49719655e+00 1.44035058e+01
 2.60070140e+00 1.47121971e+01
 6.26223991e+00 8.72174653e+00
 4.39618140e+00 1.24423952e+01
 -4.77321429e-01 8.07721870e+00
 4.70308453e+00 1.39711797e+01
 3.91704412e+00 1.50190786e+01
 -1.00626355e+00 8.79721736e+00
 6.86088857e+00 7.56494661e+00
 9.69339072e-01 1.10676834e+01
 6.76355731e+00 5.95435517e+00
 4.69709835e+00 1.43579908e+01
 -1.43995649e+00 5.42379951e+00
 5.48471835e+00 1.14692122e+01
 2.80854797e+00 1.08143673e+01
 5.24241680e+00 1.00830567e+01
 3.88141967e+00 1.42109071e+01
 5.82753971e-01 9.79210134e+00
 3.37050906e+00 1.41142354e+01
 6.19814562e+00 1.32712109e+01
 -6.93633853e-01 7.61887897e+00
 5.00396237e+00 1.40464144e+01
 6.15499507e+00 1.30519728e+01
 7.27245404e+00 4.54685724e+00
 3.65025486e+00 1.62618725e+01
 3.50812838e-01 1.01010305e+01
 4.35735072e-01 1.04591169e+01
 6.68173701e+00 1.02872735e+01
 3.82443818e+00 1.25899285e+01
 6.00354512e+00 1.08190102e+01
 6.32038928e+00 8.79600301e+00
 6.81693288e+00 9.13083231e+00
 6.50949812e+00 1.10689598e+01
 1.35513913e+00 1.18392318e+01
 6.56043754e+00 7.84979538e+00
 4.69775323e+00 1.37235549e+01
 5.64006239e+00 1.32178101e+01
 3.79189187e+00 1.78662158e+01
 3.81061491e+00 1.59647097e+01
 1.39431056e+00 1.19630038e+01
 5.16925518e+00 1.49156535e+01
 4.28343187e+00 1.44254324e+01
 6.22753555e+00 1.00785864e+01
 1.84567214e+00 1.31291932e+01
 3.65140079e+00 1.33808899e+01
 6.71064670e+00 1.00371131e+01
 5.88066026e+00 1.16412533e+01
 3.50760759e+00 1.38092570e+01
 5.65782790e+00 1.10668932e+01
 3.75504953e+00 1.44864982e+01
 6.03773809e+00 1.13818072e+01
 2.04064128e+00 1.21725380e+01
 4.22318661e+00 1.67490842e+01
 -1.06126079e+00 8.13388390e+00
 6.76277245e+00 8.15749744e+00
 5.15017606e+00 1.34565221e+01
 1.77054338e+00 1.16194716e+01
 5.92556249e+00 1.16253547e+01
 5.23278763e+00 1.06281210e+01
 1.78552629e+00 1.22930718e+01
 -9.65338504e-01 5.17222407e+00
 7.68235117e+00 6.94633559e+00
 4.76579281e+00 1.27327723e+01
 6.03988691e+00 1.27587809e+01
 4.80678121e+00 1.37987383e+01
 6.71806800e+00 4.28269469e+00
 3.41574503e-01 1.03734039e+01
 5.24898858e+00 1.30236669e+01
 4.69276868e+00 1.57385918e+01
 6.35073813e+00 7.88603930e+00
 4.74495270e+00 1.20285325e+01
 7.87716936e-01 1.12544475e+01
 4.83572786e+00 1.47379375e+01
 5.54985129e+00 1.10338877e+01
 5.43011964e+00 1.36485369e+01
 4.35293680e+00 1.31468509e+01
 5.79249594e+00 1.34482978e+01
 4.57628311e+00 1.33414416e+01
 3.79887746e+00 1.55775072e+01
 4.74390261e+00 1.54812078e+01
 1.08599308e+00 1.35798301e+01
 1.92084985e-02 7.83262358e+00
 -1.02018965e-01 7.71533168e+00
 1.72764650e-01 1.00132899e+01
 2.03219977e+00 1.18270790e+01
 4.79482163e+00 1.04134948e+01
 1.34795306e+00 1.14233112e+01
 -3.70723878e-01 9.60691903e+00
 2.50055669e+00 1.37025080e+01
 6.23559846e+00 1.21527038e+01
 -3.41832453e-01 8.31332533e+00
 -1.52401692e+00 6.70640185e+00
 9.11069558e-01 1.17226693e+01
 2.06876021e+00 1.26515641e+01
 1.91580849e+00 1.41988711e+01
 6.00765128e+00 9.12663982e+00
 7.28633825e+00 6.20761917e+00
 6.15980827e+00 1.01555737e+01
 6.53878884e+00 1.07237253e+01
 1.59804391e+00 1.30668387e+01
 3.23436195e+00 1.33081345e+01
 2.29046965e+00 1.26918242e+01
 2.69248759e+00 1.28948962e+01
 6.41711465e+00 9.99851246e+00
 3.89895231e+00 1.40206161e+01
 -5.33718670e-01 8.63491631e+00
 2.54637198e+00 1.54534546e+01
 3.61255644e+00 1.41736336e+01
 6.44828931e+00 8.51387850e+00
 5.55963822e+00 9.46510513e+00
 2.21829803e+00 1.51681999e+01
 5.58227264e+00 1.12176924e+01
 5.95975774e+00 1.23201195e+01
 5.25436205e+00 1.06376319e+01
 3.55327345e-01 1.06976056e+01
 3.30074378e+00 1.40716991e+01
 4.53063907e+00 1.21728317e+01
 3.56957531e+00 1.43115733e+01
 5.47817667e+00 1.22064839e+01
 5.05890130e+00 1.55001881e+01
 3.78439174e+00 1.47576917e+01
 3.21236788e+00 1.57987707e+01
 2.66116027e+00 1.42854371e+01
 5.44992225e+00 1.51882262e+01
 2.67709353e+00 1.40278714e+01
 6.60426150e+00 9.04334602e+00
 5.21238282e+00 1.26700698e+01
 6.32476581e+00 1.31022171e+01
 2.46214435e+00 1.53837949e+01
 4.96122725e+00 1.55359191e+01
 5.52598577e+00 1.06080849e+01
 3.61650191e+00 1.50829631e+01
 6.89173583e+00 5.10719172e+00
 4.08906915e+00 1.58375027e+01
 3.39493824e+00 1.48990908e+01
 2.86710755e+00 1.42958913e+01
 1.90960350e+00 1.07765097e+01
 -1.31823803e+00 5.33624444e+00
 6.65039435e-01 1.13102524e+01
 2.96414294e+00 1.21033859e+01
 6.82496132e+00 4.26940391e+00
 6.89057744e+00 7.31932431e+00
 4.59752167e+00 1.70985016e+01
 6.23652188e+00 9.86018849e+00
 3.36196729e+00 1.61012261e+01
 4.75567854e+00 1.29849105e+01
 7.28090659e+00 6.23747646e+00
 6.68954508e+00 9.41793352e+00
 7.13782472e+00 5.10651006e+00
 5.98420921e-01 1.23777916e+01
 1.96892577e+00 1.16994572e+01
 5.16599059e+00 1.33050707e+01
 -2.61224240e-01 8.89155364e+00
 2.49818691e+00 1.37624166e+01
 -1.52867419e-01 1.07793993e+01
 1.73636288e+00 1.58022647e+01
 7.23328818e+00 4.94366776e+00
 4.08345251e+00 1.56144478e+01
 2.26052364e+00 1.36977147e+01
 6.51447831e+00 7.62867203e+00
 6.93062979e+00 7.60841573e+00
 4.59655057e-01 1.03321199e+01
 4.44456484e+00 1.51177910e+01
 6.84901906e+00 7.82887970e+00
 -1.53959184e+00 5.32404218e+00
 4.77051655e+00 1.47335703e+01
 3.90949713e+00 1.40444710e+01
 7.73302966e-01 1.11947749e+01
 3.92147282e+00 1.56135995e+01
 2.03513937e+00 1.32082066e+01
 4.57702109e+00 1.34041725e+01
 -3.76957246e-01 1.01363059e+01
 1.31836207e+00 1.24783667e+01
 6.92745459e+00 7.29399864e+00
 5.35897214e+00 1.34866543e+01
 2.62984987e+00 1.36330947e+01
 -8.39005015e-01 7.46196356e+00
 5.59836899e+00 1.16808923e+01
 1.86315731e+00 1.29982884e+01
 6.91447845e+00 1.09873963e+01
 5.78424876e+00 1.43759495e+01
 1.56588049e+00 1.25487452e+01
 -7.24268257e-01 6.39029825e+00
 2.09649137e+00 1.42870570e+01
 6.22389974e+00 1.21637049e+01
 6.55931526e+00 5.64251582e+00
 4.53645671e+00 1.62942696e+01
 4.10648177e+00 1.21992926e+01
 1.22900899e+00 1.38710400e+01
 5.29718211e+00 1.30206096e+01
 4.65729500e+00 1.57776153e+01
 3.59596174e+00 1.37029701e+01
 3.44741727e+00 1.30592147e+01
 4.97548535e+00 1.25049452e+01
 4.92990253e+00 1.39246075e+01
 1.50621634e+00 1.25714991e+01
 5.49454843e+00 1.63887352e+01
 1.76160832e+00 1.27632179e+01
 6.10538430e+00 1.14841761e+01
 4.08482254e+00 1.57702492e+01
 3.80828803e+00 1.39457850e+01
 2.03573159e+00 1.58674818e+01
 2.45403919e+00 1.33283410e+01
 8.38640446e-01 9.56335647e+00
 -1.42497192e+00 6.36187853e+00
 3.45470210e+00 1.43724821e+01
 6.62331424e+00 1.14805037e+01
 2.88599923e+00 1.39324235e+01
 5.21624512e+00 1.48125878e+01
 4.53290765e+00 1.55854291e+01
 5.32566102e+00 1.32829163e+01
 6.86003414e-02 1.13276135e+01
 6.52345063e+00 1.13831955e+01
 1.01081366e+00 1.11821419e+01
 1.00448366e+00 1.07337246e+01
 4.83018590e+00 1.19986575e+01
 5.39135942e+00 1.19246700e+01
 1.15197404e+00 1.26409720e+01
 7.03900541e+00 9.05066473e+00
 5.66543527e+00 1.15700035e+01
 -2.94206976e-02 1.13621918e+01
 3.21464902e+00 1.43186654e+01
 5.21943222e+00 1.29078510e+01
 3.40896187e+00 1.56158219e+01
 7.05378272e-01 1.10729112e+01
 2.50366966e+00 1.30773676e+01
 7.16864640e+00 4.84481399e+00
 5.12998007e+00 1.32140353e+01
 3.85764379e+00 1.22095249e+01
 1.49180848e+00 1.14742582e+01
 2.42621137e+00 1.59311485e+01
 5.87421111e+00 1.20801988e+01
 2.54432686e+00 1.24019072e+01
 5.76939112e+00 1.01749944e+01
 -1.31219094e+00 5.42184704e+00
 6.17405970e+00 9.34121980e+00
 6.09534488e+00 1.01283476e+01
 4.81078079e+00 1.39391553e+01
 3.88859841e+00 1.65404198e+01
 3.62423784e+00 1.49587539e+01
 5.10922002e+00 1.32338170e+01
 2.42498732e+00 1.28021211e+01
 7.23285123e+00 5.28362255e+00
 -3.60441240e-01 9.70158508e+00
 4.92289942e+00 1.60949243e+01
 7.26625453e+00 7.40644325e+00
 4.59954880e+00 1.18078331e+01
 8.35892435e-01 1.07830276e+01
 6.57161383e+00 7.56356807e+00
 5.48927210e+00 1.22277929e+01
 5.98650712e+00 1.03719250e+01
 5.06649527e+00 1.23062931e+01
 3.11353116e+00 1.40859694e+01
 5.72335532e+00 1.36142670e+01
 4.07382601e+00 1.49523673e+01
 4.56787022e-01 9.54591145e+00
 8.52824413e-01 1.28910920e+01
 1.89087295e+00 1.44368093e+01
 5.89112146e-01 1.04948021e+01
 5.46497996e+00 1.34581407e+01
 6.96387070e+00 7.89775582e+00
 1.10463034e+00 1.16096316e+01
 7.00274198e+00 6.24587219e+00
 5.09386899e+00 1.38440106e+01
 5.93021184e+00 1.01699105e+01
 3.36607459e+00 1.51468107e+01
 6.61269882e+00 1.13986311e+01
 2.26415786e+00 1.34980399e+01
 7.20524064e+00 8.08318004e+00
 1.69376370e-01 9.46917762e+00
 9.83971622e-01 1.00460996e+01
 2.63516075e+00 1.19144769e+01
 2.17721039e-01 1.11131948e+01
 2.89231314e+00 1.33515597e+01
 4.87780327e+00 1.41290821e+01
 7.30044363e+00 7.88344549e+00
 4.24465794e-01 1.23997517e+01
 -1.54030367e+00 5.78556458e+00
 1.00345257e+00 1.11933522e+01
 1.84075587e+00 1.28871428e+01
 6.79495946e+00 6.57176931e+00
 4.18454793e+00 1.42674776e+01
 3.96208960e+00 1.65349690e+01
 3.21832427e+00 1.38727059e+01
 7.04398411e+00 6.46533733e+00
 7.12536651e+00 5.68127541e+00
 7.36489239e+00 5.86331626e+00
 2.34995973e+00 1.34466085e+01
 6.52635859e+00 1.11027028e+01
 6.79540934e+00 7.79065475e+00
 2.22195647e+00 1.45350542e+01
 4.00785590e+00 1.64478106e+01
 -4.22205747e-01 8.13691763e+00
 2.02775719e+00 1.34189607e+01
 5.88086809e+00 1.22951064e+01
 1.01326279e-01 9.60955956e+00
 2.48693444e+00 1.40761997e+01
 6.21702052e+00 9.79960790e+00
 1.38598807e+00 1.05876792e+01
 6.89881366e+00 8.06427102e+00
 6.70795520e+00 8.52689478e+00
 1.49329659e+00 1.17344848e+01
 5.60970106e+00 1.40993052e+01
 4.01591928e-01 1.18060071e+01
 8.24689105e-01 1.12641946e+01
 5.42663838e+00 1.29429298e+01
 3.51728257e+00 1.64687988e+01
 9.20832054e-01 1.10760040e+01
 -9.33955928e-01 8.48376822e+00
 -1.13140390e-01 9.87803809e+00
 3.07074147e+00 1.56688448e+01
 5.34778354e+00 1.32748039e+01
 2.92824744e+00 1.45077765e+01
 5.08722601e+00 1.50867022e+01
 -1.02988294e+00 7.37272096e+00
 4.32568403e+00 1.32572394e+01
 -2.37374706e-01 7.98699083e+00
 6.01200992e+00 1.08915931e+01
 7.03248574e+00 5.04799182e+00
 5.33394788e+00 1.60285014e+01
 5.82809397e+00 1.15491709e+01
 4.37950263e+00 1.28831974e+01
 4.21474128e+00 1.64575778e+01
 -1.19251650e+00 5.46645810e+00
 1.41147373e-01 1.00437843e+01
 -5.59939789e-01 8.72232941e+00
 3.84769328e+00 1.52493911e+01
 4.94698388e+00 1.43195189e+01
 5.51164618e+00 1.18048136e+01
 6.34139347e+00 1.02881754e+01
 9.64488467e-01 1.25326736e+01
 3.09930727e-01 1.10185944e+01
 1.91436824e+00 1.40095736e+01
 2.22040733e+00 1.50956472e+01
 3.85696005e+00 1.55045384e+01
 6.35293098e+00 1.22417939e+01
 -6.13201804e-01 8.41849992e+00
 5.82701844e+00 1.13389567e+01
 -5.10466493e-02 8.10741933e+00
 6.62585202e+00 8.76352989e+00
 4.24383525e+00 1.39505134e+01
 5.38082172e+00 1.40339634e+01
 5.70446349e+00 1.30293786e+01
 4.33506616e+00 1.49308937e+01
 4.67518985e+00 1.34950509e+01
 5.83592153e+00 1.23614897e+01
 6.66683779e+00 6.58497086e+00
 6.02967143e-01 9.94391976e+00
 4.90474054e-01 1.12232159e+01
 6.92308518e+00 6.86656153e+00
 5.16390769e-01 1.06724490e+01
 1.04480558e+00 1.31061796e+01
 7.33505064e+00 5.71274376e+00
 6.82202931e+00 7.98197442e+00
 5.51589398e+00 1.31166106e+01
 -1.32935440e+00 6.43069762e+00
 5.78179786e+00 1.08715222e+01
 5.68370431e+00 8.40073918e+00
 3.81838239e+00 1.34229448e+01
 -7.15019523e-01 7.15620666e+00
 1.81904964e+00 1.28788776e+01
 6.04152422e+00 1.03275505e+01
 4.55275075e+00 1.61770306e+01
 4.19471924e+00 1.32397191e+01
 1.05808446e+00 1.11866435e+01
 2.29033389e+00 1.43270488e+01
 2.82539882e+00 1.12707783e+01
 3.32943290e+00 1.36429916e+01
 1.77207387e-01 9.74204712e+00
 4.44125803e+00 1.39332270e+01
 4.65954926e+00 1.62596794e+01
 1.77656537e+00 1.37698895e+01
 -5.88104241e-01 8.67914620e+00
 3.53397040e+00 1.25752344e+01
 2.36975807e+00 1.33408825e+01
 6.81318654e+00 7.37440233e+00
 -1.84840628e-02 9.88668591e+00
 6.30781977e+00 1.11967336e+01
 7.12738146e+00 8.59502033e+00
 4.49789760e+00 1.76401238e+01
 5.70613215e+00 1.00230708e+01
 5.64037498e+00 1.31208547e+01
 3.82367666e+00 1.38778559e+01
 6.75770711e+00 1.05094273e+01
 4.54364666e+00 1.46322506e+01
 2.62131447e+00 1.40216854e+01
 6.53392176e+00 1.14591675e+01
 6.20228632e+00 9.95400031e+00
 3.10367177e-01 9.79218501e+00
 6.29814126e+00 1.13160907e+01
 -1.13447625e+00 7.79699476e+00
 4.97981396e+00 1.26291951e+01
 2.86800605e+00 1.53247782e+01
 6.45201966e+00 9.58932369e+00
 2.59908106e-01 9.10915481e+00
 3.98035038e+00 1.52024522e+01
 -8.69075494e-01 6.01032520e+00
 4.81471421e-01 1.03659945e+01
 3.04965949e+00 1.36571735e+01
 3.20067352e+00 1.48837209e+01
 6.01205881e+00 1.20611394e+01
 3.17514545e-01 1.15534824e+01
 6.25400237e+00 8.42293914e+00
 -1.29203753e+00 6.97841096e+00
 6.32941071e+00 8.62957985e+00
 -3.22684170e-01 9.22896767e+00
 4.80625294e+00 1.47881069e+01
 3.49322517e+00 1.24246722e+01
 6.41603835e+00 7.13156128e+00
 6.16233697e+00 1.08183691e+01
 2.68342643e+00 1.40054433e+01
 -8.49159007e-01 6.63798090e+00
 3.75429260e+00 1.44766889e+01
 3.78279314e+00 1.73139946e+01
 -2.32995100e-01 9.13295082e+00
 1.00711713e+00 9.72274554e+00
 3.91019512e+00 1.59846317e+01
 3.17424821e+00 1.33365230e+01
 4.70817120e+00 1.37875114e+01
 6.98176570e+00 7.09735443e+00
 3.47332808e+00 1.84990227e+01
 1.35740997e+00 1.16038964e+01
 4.41960763e+00 1.58666861e+01
 3.94556748e+00 1.66965633e+01
 5.74858735e-01 1.06706740e+01
 1.03238999e+00 1.14769632e+01
 5.61127808e+00 1.44147762e+01
 4.84161960e+00 1.50147544e+01
 2.03928607e+00 1.23617239e+01
 2.14421780e+00 1.10206479e+01
 6.38112628e+00 1.09797965e+01
 7.47327853e+00 5.44609959e+00
 5.14710766e+00 1.25704219e+01
 6.78530277e+00 8.87169024e+00
 4.40671362e+00 1.74278682e+01
 -5.87555780e-02 9.89886746e+00
 9.40278861e-01 1.30496618e+01
 1.83704985e+00 1.20653665e+01
 -5.58137378e-02 7.79346943e+00
 4.39921301e+00 1.40402686e+01
 2.40969131e+00 1.45101330e+01
 3.46239694e+00 1.43392692e+01
 4.41527986e+00 1.34647977e+01
 7.04499894e+00 6.85914236e+00
 4.66443436e+00 1.62371841e+01
 5.14708306e-01 9.74323661e+00
 6.58898714e+00 9.43621980e+00
 1.83768417e-01 1.10908026e+01
 5.57913509e+00 1.42330040e+01
 2.14468871e+00 1.23235334e+01
 2.81681243e+00 1.55088216e+01
 2.13216273e+00 1.23106187e+01
 6.61304803e-01 1.05034238e+01
 6.68723635e+00 6.11094655e+00
 3.43557038e-01 1.02424195e+01
 -9.42026652e-01 6.72283946e+00
 1.38714659e+00 1.14331004e+01
 7.44549378e+00 4.53386326e+00
 2.76495954e-01 9.85294314e+00
 4.76256693e+00 1.37485935e+01
 -1.62175824e+00 7.38214741e+00
 4.40730338e+00 1.76930343e+01
 1.31197562e+00 1.24827717e+01
 6.61635342e-01 1.02071763e+01
 6.38687440e+00 1.15052256e+01
 4.29392503e+00 1.34209136e+01
 2.93750743e+00 1.33805941e+01
 4.89664281e-01 1.20401754e+01
 3.32806124e+00 1.43616403e+01
 -5.52200099e-01 8.36742517e+00
 6.07870108e+00 1.11855708e+01
 5.10071207e+00 1.40622029e+01
 5.87733300e+00 1.39016129e+01
 1.78674768e+00 1.35396226e+01
 6.28331407e+00 1.01111871e+01
 3.22402020e+00 1.52612849e+01
 4.32384014e+00 1.32997009e+01
 3.80186398e+00 1.29055742e+01
 4.40481121e+00 1.43029789e+01
 3.97110389e+00 1.28337213e+01
 4.08837350e+00 1.60784315e+01
 7.83104733e-01 1.23955500e+01
 4.35181563e+00 1.38566994e+01
 4.79815041e+00 1.38291248e+01
 3.20053374e+00 1.58370445e+01
 6.63982948e+00 8.61689175e+00
 4.49557007e-01 8.23646597e+00
 6.84886170e+00 1.01970769e+01
 4.03631419e+00 1.43069616e+01
 5.44328347e+00 1.26881788e+01
 1.35080217e+00 1.20994987e+01
 2.79445810e+00 1.35863225e+01
 2.39591468e+00 1.39430422e+01
 5.00663804e+00 1.44900892e+01
 2.90838976e+00 1.25265319e+01
 -1.11619059e+00 6.64704491e+00
 5.91597486e+00 1.13999022e+01
 7.02203565e+00 6.48727529e+00
 -1.27645798e+00 6.76638350e+00
 8.19542723e-01 1.15137886e+01
 4.72336294e-01 1.00557234e+01
 6.15262000e+00 1.16799204e+01
 6.50752744e+00 8.79808571e+00
 -9.03099344e-01 6.49319012e+00
 5.31351809e+00 1.47619948e+01
 2.11239370e+00 1.54839428e+01
 -1.09087091e+00 7.47154980e+00
 4.34569436e+00 1.25563485e+01
 2.97426063e+00 1.65775018e+01
 6.94248518e+00 5.34662109e+00
 1.79524590e+00 1.31257506e+01
 4.93731801e+00 1.25568627e+01
 6.02988187e+00 1.16822726e+01
 6.13903774e+00 9.90724946e+00
 -3.70390881e-01 7.95466384e+00
 1.17061714e+00 1.33963718e+01
 3.72489980e+00 1.49515067e+01
 4.89439862e+00 1.26465201e+01
 1.52417114e+00 1.33971135e+01
 5.59181166e+00 1.15873019e+01
 3.60524893e+00 1.54687102e+01
 4.20534328e+00 1.43036828e+01
 1.62211816e+00 1.16657342e+01
 4.14330625e+00 1.37115511e+01
 3.27134994e+00 1.26261366e+01
 6.92112630e+00 5.43451348e+00
 2.02510850e+00 1.46442053e+01
 6.76123412e+00 4.85240487e+00
 1.69274623e+00 1.32016004e+01
 6.47439959e+00 7.46375728e+00
 -6.43831339e-01 7.74603223e+00
 5.92437540e+00 1.15021363e+01
 3.76949331e+00 1.32460488e+01
 1.78820215e+00 1.22569323e+01
 -9.27234803e-01 6.54383178e+00
 -6.42903759e-01 7.15087143e+00
 -7.57244418e-01 6.98129714e+00
 2.95420778e+00 1.46867031e+01
 -4.08898475e-01 8.37664388e+00
 4.47612145e+00 1.38693995e+01
 3.17532538e+00 1.41320361e+01
 2.75228964e+00 1.47745458e+01
 1.54329074e+00 1.40737294e+01
 4.03708235e+00 1.34364985e+01
 6.70563127e+00 4.86603677e+00
 5.65848721e+00 1.25261982e+01
 5.01839075e+00 1.55207806e+01
 5.66261133e+00 1.31437368e+01
 3.56430634e+00 1.51145805e+01
 5.62785883e+00 1.30421011e+01
 2.54939263e+00 1.35053486e+01
 6.02588622e+00 8.39178346e+00
 7.07079713e+00 5.55465230e+00
 7.17579414e+00 4.50550772e+00
 5.38923469e+00 1.12971572e+01
 4.22976709e+00 1.63053610e+01
 5.13016442e+00 1.11012477e+01
 7.25176366e+00 8.53469123e+00
 5.61266261e+00 1.40797944e+01
 5.22564351e+00 1.32735219e+01
 -1.85670549e+00 5.28271110e+00
 3.44171188e+00 1.61748800e+01
 3.06200177e+00 1.34157530e+01
 2.66584703e-01 1.15721556e+01
 4.02241930e+00 1.31028857e+01
 4.97774462e+00 1.54566950e+01
 3.77334912e+00 1.39250975e+01
 5.02713883e+00 1.55556902e+01
 3.95689257e+00 1.48357120e+01
 1.47859660e+00 1.20907649e+01
 3.27287897e+00 1.42995726e+01
 5.89382007e+00 1.10166817e+01
 6.25451169e+00 1.31691708e+01
 3.12111024e+00 1.69948510e+01
 6.31662854e+00 9.40732975e+00
 3.41093602e+00 1.43769101e+01
 -1.47318522e+00 5.71301021e+00
 5.90055908e-01 9.82622002e+00
 2.96195415e+00 1.29489409e+01
 5.84396515e+00 1.45120605e+01
 5.32861737e+00 1.47426892e+01
 1.01221562e+00 1.34530205e+01
 4.17749396e+00 1.28169383e+01
 6.83154627e+00 7.43343887e+00
 4.43478248e+00 1.45058671e+01
 4.76485215e+00 1.33154146e+01
 1.54756859e+00 1.29300675e+01
 5.07396428e+00 1.34346531e+01
 5.86419822e-01 1.18419145e+01
 3.69007931e+00 1.15059131e+01
 2.81150139e+00 1.45931337e+01
 4.47528647e+00 1.67866221e+01
 -1.57287453e+00 5.01566419e+00
 6.84376386e+00 1.17488793e+01
 -4.84685723e-02 8.88886913e+00
 6.67787410e+00 1.02097388e+01
 -9.96431664e-01 5.48365423e+00
