 2.694319034301662 2.761394927041547
 2.821994909514047 3.049357519308754
 2.869825787832046 2.905930903400977
 2.955130811253591 2.766619930206703
 2.819050235880481 2.670568810627557
 3.154735769797518 2.562977329324358
 3.352720080412123 3.271430193217487
 2.951096856089067 2.948130524113751
 2.145849360572445 2.569209073497788
 3.289986625978826 3.094395549441111
 3.10325388084242 3.193262991213114
 3.608193709534254 3.166590738867052
 2.547830817309361 3.330720672400493
 2.990126077164633 3.426795205577953
 3.094494927601943 2.77070413362107
 3.160527013929755 3.419787257012344
 3.137992903293146 2.735496194920052
 2.801043633706939 2.9910284755842
 3.393133165501563 2.459649703514492
 2.868515215631246 2.875463726773569
 3.06846377116851 3.102534407772116
 2.745540427940761 3.369678777464531
 2.837351436013198 2.919209888024544
 2.801268512766632 3.196057111424897
 3.258382192809974 2.736742142301379
 2.860573159346011 2.990444427957861
 2.843834682964476 2.690953242444241
 2.917205139107249 3.54474428786352
 2.767872656311401 3.22625859641741
 3.03925107688415 3.214425585382113
 2.578234459358246 2.960384701532625
 3.241832252017256 2.772210730369801
 2.808675002530315 3.717731248221427
 2.866409365792877 2.609096157630384
 2.751214775761365 2.879069203025919
 2.878893793856887 2.410067820001268
 2.829607732032296 2.779140426095779
 3.220930531537963 2.923427036910507
 2.691907047768856 2.915415626605078
 3.192414939984945 3.250378214517215
 3.134912797202166 2.477435825273655
 2.528637862173153 2.793697143006117
 3.106643412597674 2.809626624023433
 3.024562835050761 2.900557040022449
 2.627923618593317 2.796333334672689
 2.320160399096472 2.61019590980209
 3.163441024684896 3.1589131512544
 3.345526223838177 2.902165605630132
 2.997129771175994 3.096982037305002
 2.805262683272008 3.254595924704405
 2.421543484817153 2.778012833237703
 2.794202474702197 3.04976259832336
 3.105567770992148 2.793502304742506
 2.557613103000573 2.761954996125073
 2.957940618541349 3.083685138089649
 3.191742380913082 3.08695805839362
 2.713802159029115 3.158610298369853
 3.135154438372198 2.962379690463925
 3.457712525265253 2.867381765936416
 3.322595998437698 3.057341091590779
 3.139702426454523 2.894449713164331
 2.84037402530402 3.33445533222928
 3.378001842964256 3.563145905471422
 3.137709426942727 2.748614891935181
 3.271262663616715 3.27040646493069
 3.129636986551758 3.014277730817211
 2.750544406319413 3.367903695761801
 3.040804363931175 3.301420245955866
 2.447948528153611 2.890358442962254
 2.640086642615622 3.380469470971631
 3.359290668393258 3.006356534613556
 2.857809704130061 2.755144876685032
 2.927189186308824 2.404957095848217
 3.40672247864511 2.711880531209763
 3.020387928856681 3.085729819611676
 3.484629709551789 3.331160800954378
 3.675860132114432 3.449310035842629
 2.946652867256728 3.548155669634954
 2.881347486915862 2.704838878079237
 3.04536082337016 2.847282186768008
 2.872437543832474 2.414846271115834
 3.096370606810759 2.824027993009658
 3.448969946040881 3.364295404488306
 2.800998801676548 2.895693334618975
 3.498789371164192 3.191475624379113
 3.215026753459506 2.801754632023377
 2.948038290596236 3.039555919671446
 2.923490101999477 3.653932134867756
 2.924137208398962 2.532516797824085
 2.68097400623578 2.810664742809475
 2.882291058429242 3.06838044089203
 3.599985191631519 3.154948146328115
 2.810867800254802 3.214524044229318
 3.248275363912492 2.652950487685026
 2.552084511274121 3.534070055160064
 3.149541578828158 2.528681336871548
 3.145970851899515 2.554540646496094
 2.699565049635996 3.381894986343169
 3.391033383438142 2.955411097311321
 2.774263583201141 3.086537565620712
 3.820118116170357 3.565400350236644
 4.25655908801173 4.472803590597661
 4.116333437040031 4.59559088569096
 4.60413101253244 2.764375830331212
 3.906286869164323 4.21490432246699
 4.104025094150134 4.294016825313928
 4.290370517256701 5.520169950565844
 4.77840227414473 4.105699215010378
 3.692161470907585 4.045984245205592
 5.034858745677496 5.642458338065072
 4.367135886202361 3.582094615430821
 3.389159330029004 3.795010954558367
 3.56166893672818 4.040566019641791
 4.869249099597124 3.331427366288942
 3.329695517385612 5.106291659450257
 3.362801147247019 3.152412364460147
 4.54104764999015 3.995936170511199
 3.257299497006935 4.238922822604891
 2.670427830616253 2.211003044027064
 4.433109735287963 4.12104445450168
 5.279509404411765 3.803014245410462
 3.803519597133102 4.581526176114121
 3.29740878622657 4.467078840631821
 5.020255688605505 3.648060350550282
 3.978100558225191 3.391208478243499
 2.726743033208015 3.37359426191842
 4.392355325364298 3.086998096266451
 5.704951915659335 5.384832705173746
 4.121398428135082 3.895643124539618
 3.555714569169583 4.578465803610823
 3.462313141130637 3.413370818876304
 3.119661368957429 3.976226367929424
 4.087886218048759 3.689407724650625
 4.131122776410381 2.628178723910782
 4.661666221943269 3.450732428571762
 3.033373665789632 4.509360246567662
 3.779152383877596 2.890556245303971
 3.937113413055003 4.301475798608031
 4.057045109584362 4.096702015262091
 4.450750653495994 4.740644658389354
 3.209764817540275 3.518573761114052
 3.105953890597953 3.565538444022819
 4.160556161308811 3.86667306568009
 4.008116526558474 2.941860538565936
 3.050258218576486 3.383944316335997
 3.903176565520806 4.173156652514072
 3.660816742448585 4.635606152931771
 4.288559852437976 3.591507042049404
 3.833875255933287 4.354614737304323
 4.080044801566446 4.256792002576764
 3.382162504164545 3.649396065712191
 4.60721659059636 4.311407821520752
 4.17358121971743 4.360218842167376
 3.059008355709932 3.952351402882168
 4.036688124592337 3.433800840449821
 3.976681310084255 2.708946583520587
 4.377447362321605 4.979692962149308
 3.135775553785828 3.713426430960374
 4.49533798664171 3.347674771172062
 2.751106126960994 3.978118029831996
 4.123926376409133 5.127956584544645
 5.207245271931455 3.312438740648418
 4.391081262556368 4.565709845664294
 3.238664560247074 3.772226538571869
 4.195224073106374 2.106749314136327
 4.392667261896495 3.868434365665273
 4.638766741856073 3.986992733096386
 3.760096588077064 3.451299563361255
 5.253665133303405 3.558049146433297
 4.414504110709752 2.411760642916963
 3.736116248684183 4.452606458371138
 3.870289645871074 4.58545941871964
 3.172278707482988 4.908264908521529
 4.224922063314488 3.767020911150051
 2.904059740975095 3.641189086781861
 3.043863074457606 4.725543849712603
 4.132174727926025 3.414652091673533
 4.751527080749939 3.880425857658738
 4.279887866910924 3.910042878920247
 3.661523558136137 2.92785001625176
 4.093382628599429 4.389705174633743
 5.468366981917823 4.460725408902844
 3.643327741774847 4.931305386211987
 4.911631513085327 5.21141233199455
 3.733143477381175 4.578561787956174
 3.88165565466041 3.794775788938616
 2.684685410237237 3.596891461003557
 3.837983377641874 4.231495489425411
 3.765844463828323 4.030886496627637
 3.631298855797048 3.060056266513852
 4.723221332553187 2.507191457576742
 3.635813487879265 3.405877307591846
 4.455730855116028 2.903649556927738
 5.15983247059115 4.349738878941126
 3.731163694058793 4.083492174574984
 3.653129580875841 4.973361406674129
 3.978735005994555 3.571157226057148
 3.723493028825553 3.790894894497912
 2.586259751504116 4.64670043875585
 2.73320164704773 4.062241516774085
 7.156793683347424 5.779266087383405
 7.254686229569995 4.234666515988323
 7.20305075961186 5.069329050033349
 6.661026512332395 4.941738907810302
 5.774062722587015 5.096910688873032
 8.505219939451475 5.070205129868854
 6.497368337719843 6.400240432185639
 6.559104756628082 4.619258105520825
 5.380546544028718 5.386136733176428
 6.551480727599524 3.212586772853237
 6.155070064327271 3.485712193969117
 6.780804881334887 5.590708474655965
 6.649186371431117 5.612221105190701
 8.093569502090656 5.404976619156689
 6.764803526981357 4.158439579338038
 7.539318133965235 4.156143585266524
 7.49698852408375 5.668328627023339
 7.797523823091527 4.870027944021389
 6.152467806914377 4.060764366096547
 5.087868170944763 4.397614172466046
 5.268686793741027 4.554125048281903
 8.186895206426916 4.945378577044056
 6.668323265259415 4.882079596608702
 6.636286152641089 5.032082327787168
 7.43642416095931 5.455039348682215
 6.568541444814559 6.661207561765515
 6.525519179824069 4.168447682711113
 7.046935016963586 6.277606126240602
 6.12721475655489 6.507258823700525
 7.224372403993938 3.276822526075208
 7.626928824411093 5.644231603888425
 7.063414959082118 3.948275255570464
 7.401167589446093 4.192251145070223
 8.775249397908903 3.669042086874345
 7.787649566194071 6.137272429405362
 8.748202029529152 4.936247012149761
 6.631276118430008 4.774169821554159
 7.994854555021774 4.71370160169504
 6.673397218734985 5.354664745772398
 6.040293053565364 4.936816015311869
 7.55047814455591 4.008138607665631
 8.1942554485708 5.363695197849278
 8.742144624783288 4.671536444285234
 6.304772050483274 6.314301676289597
 7.177722017575014 6.58059235798904
 6.096247356691824 4.068690575405504
 6.854857593140669 4.062319791045823
 7.716669202471906 4.151444061657979
 7.852722726497155 4.747485068630709
 7.157869204456756 5.303903480137231
 7.288185233850356 5.108718205824625
 6.622385013565024 3.92806058722454
 6.038511435818165 5.271270398393503
 7.694665377786589 4.853639331127255
 7.08317768620787 5.334871874029797
 8.139022832254296 5.290956680061542
 4.660163929955712 4.677451437982943
 8.134376238602721 4.886338662188044
 7.503898235201834 5.5939424697512
 6.92259364428032 4.298841353270583
 6.781942703449883 6.392141649098811
 6.711323562396609 4.817429978379632
 8.104890187340288 4.719307377154358
 7.608121584304162 4.958511844025514
 5.198104176885555 5.551071358270463
 7.514769482574427 6.490060889384761
 7.098749076310718 3.358611831786228
 7.317318647905896 3.686609257956494
 7.522936258141568 5.00493822047708
 7.760456849607435 5.115735119314211
 7.003948536247282 4.667043811162563
 7.289163679961173 5.521965165283968
 5.639394336824488 5.748150826287817
 5.567936868230211 4.396535222190824
 5.887549833778118 4.800312876614187
 6.439443467070899 4.912435938762218
 7.587708808251653 6.823641334696246
 7.291198447773914 5.897374279126699
 8.407352857431299 4.277769273348079
 8.204814177974312 3.503301898329003
 7.585710997296746 4.280762060132437
 7.753698976846382 4.48111770143966
 8.172792655071349 5.109865091256036
 7.821199291866856 5.280288188740158
 7.797837308270052 4.72685502095819
 7.019634275155665 5.606929585026844
 6.707741283457103 5.221895913727088
 6.690169019460944 5.083317925954924
 7.538241080786191 5.03169093336647
 8.247440792178605 6.481074830538166
 8.23056719319375 5.985522318833136
 5.411567069446758 4.671633294218071
 5.725969542480848 4.969839553358791
 4.625875298791101 6.237668904986897
 7.844220340706142 3.672340955716518
 7.244017192681888 5.684380018596996
 5.666592383727565 5.204459383881161
 7.886146958192075 4.413297149988031
 6.819982912403976 5.008205071090448
 6.96619058791075 4.756679440526252
 8.09314409553668 1.869800415339838
 7.437852460803532 2.240247819535652
 7.978820971050717 2.53631592849419
 7.165570366226872 1.831333285028463
 8.292187543572576 2.45937971584736
 8.215902343102336 2.485198760969638
 7.487744600529846 2.58196698851329
 8.189899973676372 1.347465367994648
 8.476505890831433 2.256755257732111
 7.802170653749974 2.491807996940594
 8.405786847975067 2.149553168561621
 7.940845085947592 1.775625699655255
 7.664709533716164 1.93515032433382
 7.780019363895678 2.522175566556319
 8.313194418431394 2.172831574147386
 7.919380557212089 1.238999490791308
 7.344164820512949 1.868548029078205
 8.050746636548086 2.661428924549355
 8.330943163374032 2.169398739594158
 6.522575402069226 2.098295015507732
 8.43223574139949 2.266140366263683
 8.32043467832775 2.226359366953183
 8.897143275127823 1.674922695011973
 7.52695800729252 2.126953480332443
 7.426539701454459 1.447818849622073
 8.787526643848345 1.178434183966636
 7.814380201272662 2.546732934022788
 7.308707592207757 2.372793589194778
 7.24149329179447 2.166703597016708
 8.146517302831311 2.86187121304914
 7.615822726896733 1.878078265927221
 7.222090045092711 1.165104536934906
 8.111317358147895 1.952210300485541
 8.904736116189108 1.510858013939595
 8.005505690195648 2.528434820480022
 7.93743097806181 0.9766025971031036
 6.737060948332264 1.423755432985271
 8.023624952650852 2.177720401868445
 7.825683107447618 1.449959497990326
 8.172523926083935 2.422161116856163
 7.015965239002029 1.929723482773658
 7.50753088994581 1.806538104925367
 7.39713526419469 2.360761490775001
 8.713779441221355 1.59567615892876
 7.365199957459515 1.749226586892106
 7.867953263533834 1.991923614284446
 7.940665540398864 2.434207814680628
 8.577037896483231 1.851676381958225
 7.895969984176141 1.937120448013671
 6.921772435212636 1.976415047967664
 8.687010569513651 1.544202849033548
 7.716035021815723 2.897538209899654
 7.997452617617447 1.388285773741215
 8.089623307481526 2.1122019160881
 8.227560351202774 1.746012184056923
 8.717719760099055 2.544182493659843
 6.975267093018742 2.621443735373875
 8.432059075471061 1.529830157831938
 8.245470755453127 1.515789787690222
 8.393338074473258 1.707465920330471
 8.119335230787597 1.984048705181797
 9.591055732641559 2.218462875536936
 8.022755558145064 1.586114430782762
 7.914794419155777 2.355188876724455
 7.958025515882408 1.112952430429308
 8.450049650947188 2.167384923524569
 8.308559561720422 1.910964609942395
 7.529148443205218 3.217794058843708
 8.481559684882395 1.843664044554018
 8.122173122312446 1.827589362913387
 8.215018859341841 1.980168375625865
 7.600887101659367 1.56586680614585
 7.609510046698039 1.936352095900657
 7.470825725785893 2.182972917958461
 8.262788153793537 2.450284019251953
 8.362990724830642 1.69406186793494
 8.984883148049102 1.433738011766099
 8.290948524810856 1.842550388909682
 8.341503127355203 1.650241279019704
 7.324878497533579 1.01500080562924
 7.458980191235638 1.703906652285813
 8.117633944137191 1.515964623067705
 7.974411813923971 2.339802009651869
 8.290728430907098 1.912615548034017
 7.788428901482245 2.256973866664509
 8.769213904205976 2.395707900902828
 7.232542098978368 1.690286929541942
 8.525470368621914 2.709979606214798
 7.977677450369099 1.24302178186986
 8.568602717422063 1.289509633706395
 8.148647576818664 1.72820870302308
 8.452907572773155 2.062163562022366
 7.977804518714003 1.503634590535246
 7.820207133074833 2.264169604796129
 6.969094780119305 2.313920487987094
 8.060594059859421 1.856372306391444
 8.707642555529929 2.059357432132668
 6.980825667056731 1.263534344698247
 8.40007686775807 2.599469250558547
 7.971108720519467 2.427830643016831
