 2.96401514e+00 4.42388371e+00
 6.02004062e+00 2.74377217e+00
 3.88096517e+00 4.93797617e+00
 2.33907798e+00 2.35834563e+00
 3.78633128e+00 4.46256387e+00
 3.66223521e+00 5.63362086e+00
 3.39388848e+00 4.79848593e+00
 4.56518530e+00 5.40235528e+00
 4.49577875e+00 5.85053839e+00
 4.61679065e+00 4.57257898e+00
 5.32075037e+00 4.86309730e+00
 5.45164689e+00 4.59856297e+00
 5.09680110e+00 4.29845743e+00
 5.61956377e+00 4.45530736e+00
 4.45878005e+00 5.04455689e+00
 5.02450478e+00 4.98576160e+00
 4.83888427e+00 5.17329250e+00
 4.73782613e+00 6.07207528e+00
 2.17819769e+00 2.80791433e+00
 6.42301861e+00 2.52055691e+00
 6.61534509e+00 1.75344904e+00
 5.42800206e+00 4.43199516e+00
 3.77456936e+00 5.26001860e+00
 3.40831715e+00 4.75515085e+00
 4.79631847e+00 5.47446028e+00
 2.75237182e+00 3.91167631e+00
 4.53189908e+00 5.86251445e+00
 6.26608684e+00 2.38032918e+00
 4.79865863e+00 4.94803713e+00
 3.03114569e+00 4.94146851e+00
 4.24377001e+00 5.70046695e+00
 4.42217839e+00 6.13403815e+00
 4.69946741e+00 4.34561227e+00
 4.91708331e+00 5.28431860e+00
 4.57140444e+00 6.58802744e+00
 4.70311760e+00 5.13836456e+00
 3.65985043e+00 5.23030737e+00
 4.37766895e+00 5.46606641e+00
 2.88149722e+00 4.33926270e+00
 4.20441400e+00 5.39706496e+00
 3.79724282e+00 5.40989623e+00
 4.04154919e+00 5.67584288e+00
 4.12079138e+00 5.26077476e+00
 4.30968106e+00 5.01475836e+00
 4.23519585e+00 5.63914416e+00
 4.35751599e+00 4.63743312e+00
 5.87339289e+00 3.94382708e+00
 4.43846987e+00 5.51952733e+00
 2.88105274e+00 4.96971331e+00
 4.42217173e+00 4.35077236e+00
 2.97373008e+00 3.79831234e+00
 5.52543756e+00 4.58999295e+00
 3.36969639e+00 5.68210882e+00
 3.94415158e+00 4.19991339e+00
 3.35766453e+00 4.94766422e+00
 4.59846280e+00 5.68207990e+00
 3.38422464e+00 4.28182203e+00
 5.87044972e+00 3.93993252e+00
 2.65403517e+00 3.58642055e+00
 1.42235762e+00 2.33526965e-02
 4.20742633e+00 5.16172242e+00
 5.49751413e+00 4.98899663e+00
 5.26725297e+00 5.37322699e+00
 4.13673255e+00 6.07437927e+00
 4.37039858e+00 5.53075722e+00
 4.16202739e+00 4.95418356e+00
 3.73248014e+00 5.39639994e+00
 5.41997771e+00 4.16831059e+00
 5.01054331e+00 5.29975443e+00
 5.76671573e+00 4.18396999e+00
 4.55052120e+00 5.49141058e+00
 5.42129490e+00 4.36866409e+00
 4.42830558e+00 6.27101743e+00
 5.61121611e+00 3.82348283e+00
 1.68049983e+00 1.10615235e+00
 2.74490951e+00 3.64478313e+00
 3.34437654e+00 5.20741359e+00
 2.46404327e+00 2.62483645e+00
 4.21823134e+00 4.60073549e+00
 3.73418150e+00 5.27736268e+00
 5.59513242e+00 4.21224406e+00
 3.40605556e+00 5.35888631e+00
 3.99058372e+00 5.35111615e+00
 3.84387454e+00 5.27689208e+00
 4.66823878e+00 5.20486071e+00
 3.58720030e+00 4.53846072e+00
 3.91586065e+00 4.71715487e+00
 4.84032796e+00 5.29461262e+00
 5.36803960e+00 3.98759905e+00
 4.36204541e+00 4.88658587e+00
 5.52249383e+00 4.28545426e+00
 3.47537351e+00 5.32321913e+00
 4.60029151e+00 5.14339688e+00
 3.47277745e+00 4.08168183e+00
 5.35356903e+00 5.34800554e+00
 3.97251945e+00 5.37811015e+00
 4.80986921e+00 4.50211459e+00
 5.13366869e+00 4.78535846e+00
 3.73320241e+00 5.26436990e+00
