 4.46040282e+00 3.63195295e+00
 4.60523847e+00 2.58272005e+00
 3.59846576e+00 2.69387874e+00
 3.80111326e+00 3.41251164e+00
 5.39746497e+00 2.48692955e+00
 4.05668757e+00 2.94569298e+00
 4.72073959e+00 2.93694957e+00
 4.62584824e+00 2.98540741e+00
 4.54843941e+00 3.46571329e+00
 4.88295853e+00 3.35471810e+00
 4.74124495e+00 4.03521906e+00
 4.87846058e+00 3.41597340e+00
 4.01400912e+00 2.73845356e+00
 4.88022222e+00 3.62433418e+00
 4.52983323e+00 2.50646551e+00
 5.05964689e+00 4.07300058e+00
 3.73318771e+00 2.63785476e+00
 4.67954095e+00 3.45349698e+00
 4.83130366e+00 2.84874036e+00
 3.57549113e+00 2.94649033e+00
 4.42371919e+00 2.59801095e+00
 4.80193963e+00 3.23850196e+00
 5.11948960e+00 3.79111635e+00
 4.02551292e+00 1.90344388e+00
 3.81515145e+00 3.39870295e+00
 3.89607803e+00 3.80831429e+00
 4.66005269e+00 3.43194303e+00
 5.18940960e+00 3.41671987e+00
 3.98044509e+00 3.10537085e+00
 4.49436382e+00 3.04514066e+00
 4.68585723e+00 2.54054281e+00
 3.40788549e+00 2.34639345e+00
 4.30093503e+00 3.14490156e+00
 5.17231003e+00 3.54064246e+00
 3.19828543e+00 3.71847822e+00
 5.08305230e+00 2.97439491e+00
 3.80890468e+00 3.96407752e+00
 4.63400507e+00 2.88805226e+00
 4.34881493e+00 3.55476968e+00
 4.77468770e+00 3.35978989e+00
 3.70900289e+00 3.80989764e+00
 4.86894277e+00 3.30487830e+00
 3.70934132e+00 2.79780410e+00
 4.38853785e+00 2.77819834e+00
 4.05477266e+00 3.15102934e+00
 4.67725630e+00 2.66777857e+00
 3.31992981e+00 2.45555052e+00
 4.60388939e+00 2.04389170e+00
 4.34502231e+00 3.51059088e+00
 4.65728465e+00 2.94072552e+00
 4.75580985e+00 3.87500027e+00
 4.72282317e+00 3.24528854e+00
 4.26743329e+00 1.92626031e+00
 4.75099408e+00 3.37833049e+00
 4.62542058e+00 2.50318849e+00
 4.95031257e+00 2.75839657e+00
 4.17627829e+00 3.20052923e+00
 4.48440019e+00 2.68070075e+00
 5.32409057e+00 2.80843849e+00
 4.17184349e+00 2.97456127e+00
 4.02976132e+00 3.16555362e+00
 4.14835074e+00 2.68222575e+00
 4.25276631e+00 3.77508263e+00
 3.67685432e+00 2.60349160e+00
 4.76525502e+00 3.78350817e+00
 4.31996415e+00 2.81986389e+00
 4.27645603e+00 3.42306118e+00
 3.76146085e+00 3.16106841e+00
 3.58418095e+00 2.30775082e+00
 4.55065494e+00 3.46142614e+00
 3.69572969e+00 3.49416924e+00
 4.45014276e+00 2.61867917e+00
 4.57220415e+00 3.76156750e+00
 4.38425185e+00 3.80779992e+00
 5.46711381e+00 3.29472060e+00
 3.29101541e+00 3.41466149e+00
 4.62786055e+00 3.49503964e+00
 4.90773393e+00 3.57183700e+00
 3.48042011e+00 3.34339201e+00
 3.73593852e+00 2.95510156e+00
 3.76594477e+00 3.10622020e+00
 4.31073224e+00 3.03004265e+00
 4.27495991e+00 2.90316316e+00
 4.68367603e+00 3.18386183e+00
 4.18890290e+00 2.97997081e+00
 4.31835488e+00 3.59321731e+00
 4.33555217e+00 2.74977250e+00
 4.06827338e+00 3.31783485e+00
 5.03085493e+00 3.38970359e+00
 3.31937260e+00 2.49536727e+00
 3.99380979e+00 3.02106100e+00
 4.13601248e+00 4.00977301e+00
 4.86868878e+00 3.58926830e+00
 4.41970757e+00 2.64671691e+00
 4.36832617e+00 3.44157055e+00
 4.84568954e+00 2.54238962e+00
 4.96364906e+00 3.04544939e+00
 4.31672522e+00 2.75320568e+00
 4.37318401e+00 3.19951431e+00
 4.82884441e+00 3.29849834e+00
