 5.42607424e+00 1.20411643e+00
 6.94215144e+00 1.86579910e+00
 7.36374983e+00 1.76670118e+00
 6.15289173e+00 3.95174058e+00
 4.77915569e+00 1.34855584e+00
 6.22744037e+00 1.93886668e+00
 5.86612311e+00 4.82281750e+00
 6.38277999e+00 3.55980211e+00
 4.87110870e+00 1.14587153e+00
 6.69721183e+00 1.41413350e+00
 5.43552282e+00 1.11329664e+00
 4.77392090e+00 7.20856603e-01
 4.90274063e+00 1.02740483e+00
 6.45517063e+00 3.50052585e+00
 6.49792088e+00 1.82144577e+00
 6.16048747e+00 6.20877309e-01
 6.58441068e+00 2.06431196e+00
 6.90709410e+00 3.33833158e+00
 6.30689140e+00 1.28437997e+00
 6.00344341e+00 1.65780025e+00
 5.89288337e+00 1.81329239e+00
 6.97139225e+00 2.76032089e+00
 6.64846402e+00 1.18013596e+00
 6.31443706e+00 2.15149717e+00
 5.20376511e+00 1.55572333e+00
 4.60352521e+00 1.00668588e+00
 6.42941334e+00 1.68843235e+00
 5.67115365e+00 9.96959316e-01
 6.61024280e+00 2.37383010e+00
 5.76659993e+00 5.15817086e+00
 6.64488977e+00 1.35433301e+00
 7.10987983e+00 1.91395181e+00
 6.82259037e+00 3.47805448e+00
 3.34236249e+00 1.33377760e+00
 6.26844691e+00 1.98473426e+00
 7.53790745e+00 2.13263502e+00
 8.14228417e+00 6.09023901e-01
 6.95735613e+00 5.67576365e-01
 6.06847666e+00 1.07395976e+00
 6.54991014e+00 1.33728457e+00
 7.11208692e+00 2.55152214e+00
 7.03934382e+00 2.06902385e+00
 7.03743740e+00 2.76526042e+00
 7.53160056e+00 1.39937204e+00
 7.27004755e+00 3.37127791e+00
 7.04030797e+00 1.45992294e+00
 7.11307261e+00 1.56527978e+00
 6.30326987e+00 2.20240788e+00
 7.25197665e+00 2.06132198e+00
 6.04897463e+00 1.76467263e+00
 3.64226437e+00 1.49323377e+00
 5.62058892e+00 1.24145159e+00
 5.22119059e+00 1.18527414e+00
 6.70759212e+00 1.51516678e+00
 5.74019797e+00 7.84734730e-01
 5.51338748e+00 1.03993784e+00
 6.26601382e+00 1.08129261e+00
 6.46579914e+00 1.06996078e+00
 6.47529676e+00 5.03683078e-01
 6.40685133e+00 2.03681852e+00
 6.09030568e+00 1.79220671e+00
 5.86454796e+00 1.24341778e+00
 6.78461382e+00 2.86947131e+00
 6.80149784e+00 9.64327765e-01
 5.60860912e+00 8.49832912e-01
 5.87860158e+00 9.94833958e-01
 6.61846799e+00 1.77289222e+00
 7.23205181e+00 1.78368406e+00
 6.53831410e+00 2.00676314e+00
 6.55201253e+00 2.92597023e+00
 5.44551754e+00 1.62123313e+00
 6.91795671e+00 6.57473436e-01
 7.22231533e+00 1.25328778e+00
 6.53847663e+00 1.57623304e+00
 7.03475643e+00 2.20628790e+00
 7.50257394e+00 1.84334549e+00
 2.07378106e+00 1.61084332e+00
 6.50417071e+00 9.97963811e-01
 7.43078757e+00 1.76490626e+00
 6.87841622e+00 1.31080479e+00
 6.94945097e+00 1.93240624e+00
 6.56316885e+00 9.65273124e-01
 6.50748387e+00 2.52800597e+00
 4.80337530e+00 1.14205384e+00
 6.82234860e+00 2.71865765e+00
 6.64321336e+00 1.34194136e+00
 6.84159256e+00 1.94077830e+00
 3.48194891e+00 1.38527939e+00
 6.47674312e+00 3.31172671e+00
 5.86304715e+00 1.74214086e+00
 6.44378316e+00 4.66430702e+00
 5.00638698e+00 9.81929303e-01
 6.59898377e+00 1.20909506e+00
 6.10452664e+00 4.09912038e+00
 4.50987123e+00 1.07870619e+00
 6.10584727e+00 1.02751678e+00
 6.13731307e+00 1.31531776e+00
 6.45868461e+00 5.76717478e-01
 5.13058818e+00 1.26322633e+00
 6.72987186e+00 2.32851628e+00
