 2.10932432e+00 1.44427016e+00
 3.38229002e+00 9.58010579e-01
 3.76318359e+00 1.29461057e+00
 2.85517539e+00 1.42994232e+00
 4.15224551e+00 1.56533929e+00
 2.66446959e+00 1.68572166e+00
 2.68001288e+00 7.50649859e-01
 2.62395407e+00 8.98298458e-01
 2.70685962e+00 1.06379577e+00
 3.75551189e+00 1.20671407e+00
 1.78339281e+00 2.00840501e+00
 2.34055337e+00 1.33338811e+00
 2.40071548e+00 1.80457158e+00
 1.77509176e+00 1.83246198e+00
 2.66581525e+00 1.24741361e+00
 3.52835939e+00 1.90724898e+00
 2.31668697e+00 3.11599516e+00
 2.07291639e+00 3.27377535e+00
 1.28182443e+00 1.66007023e+00
 4.59057605e+00 1.11747972e+00
 1.82195073e+00 1.31389461e+00
 3.26769071e+00 1.57275115e+00
 2.12089514e+00 1.82654342e+00
 2.85130531e+00 2.51915584e+00
 1.58836158e+00 1.46498992e+00
 3.87750685e+00 6.64573597e+00
 2.05248550e+00 2.03648794e+00
 1.97680277e+00 1.67980484e+00
 1.92375450e+00 1.96578718e+00
 4.95027720e+00 1.45374920e+00
 2.53437699e+00 3.45344953e+00
 1.98574076e+00 2.46926469e+00
 1.84044109e+00 1.31923236e+00
 3.08100630e+00 1.20950421e+00
 5.37730543e+00 1.56233485e+00
 2.99005344e+00 1.20825343e+00
 1.79777128e+00 1.95649569e+00
 2.17418706e+00 1.92239966e+00
 2.05279352e+00 2.40990187e+00
 1.76354396e+00 1.46500425e+00
 2.39872970e+00 1.67148590e+00
 2.52803381e+00 2.57976476e+00
 1.81944380e+00 1.83514896e+00
 2.36876270e+00 7.18069851e-01
 2.54013684e+00 2.15890002e+00
 2.52505175e+00 8.39842248e-01
 3.35789061e+00 1.20446551e+00
 1.87650806e+00 2.61108490e+00
 4.03031943e+00 1.09626314e+00
 2.58657347e+00 3.45253120e+00
 3.43563579e+00 8.86009096e-01
 1.68096891e+00 1.93896719e+00
 2.56886747e+00 1.82428959e+00
 3.56512362e+00 1.03690936e+00
 1.96851116e+00 2.16303770e+00
 2.11639075e+00 3.40342399e+00
 3.89579842e+00 9.57042891e-01
 2.09565159e+00 1.84086573e+00
 3.11687496e+00 9.44065085e-01
 2.65054703e+00 9.15204143e-01
 2.66297831e+00 1.42440916e+00
 4.74229643e+00 1.00443043e+00
 2.58575609e+00 2.04711255e+00
 1.93456176e+00 1.90421356e+00
 3.94844620e+00 8.84040712e-01
 1.99177165e+00 2.13105763e+00
 2.27700626e+00 2.66105018e+00
 1.53858263e+00 7.34620306e-01
 3.90611230e+00 5.90597973e+00
 2.07917819e+00 3.83600756e+00
 4.29516691e+00 1.10348907e+00
 2.54486911e+00 3.78690106e+00
 2.03982714e+00 1.85885777e+00
 2.57002861e+00 1.45005382e+00
 3.49723558e+00 1.15616961e+00
 3.40141400e+00 1.37147070e+00
 2.13807572e+00 1.00664533e+00
 1.13016320e+00 1.20940524e+00
 1.99454860e+00 4.06820520e+00
 2.16277708e+00 3.63760796e+00
 2.01908007e+00 2.03485235e+00
 2.20833490e+00 2.12098872e+00
 1.60020403e+00 1.08607612e+00
 1.69640286e+00 9.32494604e-01
 2.62299580e+00 3.62718621e+00
 1.94586621e+00 1.50678443e+00
 2.76615072e+00 1.21934433e+00
 2.61063270e+00 9.48080108e-01
 2.45956741e+00 6.81252950e-01
 2.95152621e+00 2.05002755e+00
 1.91913751e+00 1.28491685e+00
 3.18248794e+00 1.60043167e+00
 2.25330911e+00 1.32777465e+00
 1.68191550e+00 1.70619513e+00
 3.83651352e+00 1.38918020e+00
 2.51432484e+00 1.67008405e+00
 1.42607608e+00 5.61948218e-01
 1.81595875e+00 3.19926076e+00
 2.06672223e+00 1.38443272e+00
 2.40923135e+00 7.69514253e-01
