 3.73875863e+00 6.05048252e+00
 2.93134509e+00 5.36493290e+00
 2.10521288e+00 5.72398929e+00
 3.27484979e+00 5.97010100e+00
 3.82189902e+00 5.61258610e+00
 2.82904193e+00 6.14522923e+00
 2.81634952e+00 6.31776778e+00
 3.37089894e+00 6.63451369e+00
 2.61129812e+00 5.94559388e+00
 3.51965773e+00 5.69244461e+00
 2.66446898e+00 6.75200513e+00
 3.01688407e+00 6.36131419e+00
 3.04628813e+00 5.61819756e+00
 3.01859475e+00 5.46823275e+00
 3.56519293e+00 5.52361640e+00
 2.52577448e+00 6.83170379e+00
 2.98217899e+00 5.67955016e+00
 4.41842201e+00 5.68396870e+00
 3.17341840e+00 5.98876277e+00
 2.68781875e+00 6.91706017e+00
 2.80180456e+00 6.13267076e+00
 2.85089855e+00 5.65201984e+00
 3.08440912e+00 6.15284829e+00
 2.42958863e+00 5.47148200e+00
 2.47834509e+00 5.06822939e+00
 3.01993905e+00 6.41468678e+00
 2.83344640e+00 6.54947312e+00
 2.56182433e+00 6.39783514e+00
 3.05480937e+00 5.92830031e+00
 3.68866833e+00 5.84906425e+00
 2.98948898e+00 5.41143670e+00
 2.53937709e+00 5.66250539e+00
 2.98300116e+00 6.52746070e+00
 3.57231504e+00 6.82895355e+00
 2.44934321e+00 6.74933802e+00
 3.90824501e+00 5.39851109e+00
 2.13087728e+00 5.61402254e+00
 2.67433778e+00 5.99167567e+00
 3.48880511e+00 6.85429610e+00
 3.60006536e+00 6.16069240e+00
 3.88617370e+00 5.99250628e+00
 3.22723709e+00 5.66289124e+00
 3.00090133e+00 5.99172639e+00
 3.38622424e+00 6.53633940e+00
 2.07061233e+00 6.31426771e+00
 2.97831200e+00 5.31182212e+00
 2.47520013e+00 6.09401881e+00
 3.43112018e+00 6.05519142e+00
 3.16668271e+00 5.49761120e+00
 2.55182678e+00 5.83931091e+00
 3.62555338e+00 4.54356822e+00
 3.19078660e+00 6.56276284e+00
 2.93904106e+00 6.45305018e+00
 2.44337713e+00 5.82101938e+00
 1.96930534e+00 6.62855302e+00
 3.20067691e+00 6.19367401e+00
 3.22825102e+00 6.15390101e+00
 2.14032507e+00 6.06085359e+00
 3.14797937e+00 5.56316440e+00
 2.81462080e+00 5.50764306e+00
 3.20856068e+00 6.49812712e+00
 2.58012277e+00 5.41959202e+00
 2.80646345e+00 6.01588272e+00
 2.36591648e+00 6.02664587e+00
 2.88769183e+00 6.36885200e+00
 3.37038787e+00 6.34325980e+00
 3.13277669e+00 6.79222652e+00
 3.54295983e+00 5.73076427e+00
 3.73435299e+00 5.82750788e+00
 3.45911175e+00 6.40652000e+00
 2.99213410e+00 6.00511942e+00
 2.78841676e+00 5.96556955e+00
 3.38348999e+00 6.52227583e+00
 2.29286990e+00 5.66420924e+00
 3.17485137e+00 5.90709241e+00
 2.76916165e+00 6.40875035e+00
 2.92838484e+00 5.58835721e+00
 2.81014999e+00 5.12121869e+00
 2.08984645e+00 5.80918143e+00
 4.15783719e+00 6.13040418e+00
 2.47922233e+00 5.13944047e+00
 3.55539629e+00 5.20935885e+00
 2.73529894e+00 5.73369052e+00
 4.15382459e+00 6.18336900e+00
 3.59004501e+00 6.17221326e+00
 2.39234682e+00 6.34118319e+00
 2.27387966e+00 5.31394632e+00
 2.88658518e+00 6.43701292e+00
 3.62299661e+00 5.71784148e+00
 3.52058881e+00 6.55854781e+00
 2.24383265e+00 5.08635503e+00
 3.44636746e+00 5.91465932e+00
 2.39620208e+00 5.64856912e+00
 3.19575444e+00 6.32046221e+00
 3.20352735e+00 6.32875231e+00
 3.03000066e+00 5.95967498e+00
 2.35451625e+00 5.51265797e+00
 2.86967308e+00 5.25184262e+00
 1.72961682e+00 5.76176738e+00
 2.90614369e+00 5.09806817e+00
 3.59181512e+00 5.70086901e+00
 3.26148007e+00 5.71739775e+00
 3.36349784e+00 5.46563586e+00
 3.75010653e+00 5.51584405e+00
 3.18083166e+00 6.93111805e+00
 3.25370395e+00 5.81095717e+00
 3.17012702e+00 6.18178721e+00
 3.25522933e+00 5.67387910e+00
 3.21661369e+00 6.69858889e+00
 2.87011487e+00 7.24380277e+00
 2.72023944e+00 6.10756083e+00
 3.91069386e+00 6.60542239e+00
 3.48867408e+00 6.25951737e+00
 2.49068632e+00 5.64994006e+00
 3.81080020e+00 5.90385818e+00
 2.65001913e+00 5.99013307e+00
 3.60462012e+00 6.15359106e+00
 3.05819135e+00 5.48051649e+00
 3.19232706e+00 6.25982931e+00
 2.78323462e+00 6.71397239e+00
 2.53193006e+00 5.36037397e+00
 2.63952170e+00 6.65285908e+00
 2.89813661e+00 6.12247385e+00
 4.33194131e+00 5.62756917e+00
 3.30948350e+00 5.55295462e+00
 3.15550081e+00 6.16867078e+00
 2.95646600e+00 5.46560071e+00
 2.96888964e+00 5.04052685e+00
 2.61371665e+00 6.02143412e+00
 3.57582209e+00 6.61807322e+00
 3.58954650e+00 6.44246628e+00
 3.60375652e+00 6.03965208e+00
 2.53152652e+00 5.92667896e+00
 2.87765669e+00 5.54887942e+00
 3.22801577e+00 5.68843198e+00
 3.37413609e+00 6.12747246e+00
 2.44670174e+00 5.93934544e+00
 2.70950192e+00 6.06687238e+00
 3.75622136e+00 5.75984779e+00
 3.03660130e+00 5.83482526e+00
 2.42451760e+00 5.30371522e+00
 3.17702932e+00 6.23325553e+00
 2.39727015e+00 5.89579201e+00
 2.83853206e+00 7.28757240e+00
 2.71889499e+00 6.13210658e+00
 2.85907168e+00 5.65200561e+00
 3.08340754e+00 6.24330259e+00
 2.74917373e+00 5.62332443e+00
 2.54257988e+00 5.84616183e+00
 2.99734302e+00 5.99445983e+00
 1.41085713e+00 5.16315501e+00
 3.76990970e+00 6.47200492e+00
 2.98816063e+00 5.41338681e+00
 3.82154546e+00 6.48885850e+00
 3.01885896e+00 5.99538223e+00
 2.94358312e+00 6.05769302e+00
 2.16209312e+00 5.65440567e+00
 2.23552912e+00 7.03174676e+00
 3.36223624e+00 6.02484979e+00
 2.47448145e+00 5.57928856e+00
 2.79688275e+00 5.78004312e+00
 2.96778345e+00 5.82619686e+00
 2.99670652e+00 5.62055260e+00
 2.43498886e+00 6.31201866e+00
 3.16831307e+00 5.53366108e+00
 3.03889723e+00 5.93489809e+00
 2.89846485e+00 6.25231097e+00
 2.57273900e+00 6.95594610e+00
 2.97282853e+00 6.26293071e+00
 2.80928710e+00 5.80547473e+00
 2.93818526e+00 6.37298191e+00
 3.12106346e+00 5.77267608e+00
 3.31101068e+00 6.22522194e+00
 2.95912673e+00 6.15940408e+00
 3.24479685e+00 5.33884630e+00
 2.72266694e+00 6.20377009e+00
 2.35222324e+00 5.30706680e+00
 2.98568828e+00 5.23887791e+00
 2.33877410e+00 6.57608527e+00
 3.57432339e+00 5.80615183e+00
 3.48349596e+00 6.06660228e+00
 2.25187249e+00 5.97437416e+00
 2.28582387e+00 6.15993881e+00
 2.55741242e+00 6.46928009e+00
 3.00167381e+00 6.50892665e+00
 3.76107599e+00 6.08120530e+00
 3.44976505e+00 5.74811247e+00
 3.00906396e+00 6.18085780e+00
 2.62945837e+00 6.04836071e+00
 3.39191350e+00 6.16662025e+00
 2.81930340e+00 6.13069219e+00
 2.66171596e+00 5.50668787e+00
 3.05893940e+00 4.91460826e+00
 3.34638417e+00 6.38008473e+00
 2.85283001e+00 5.29540657e+00
 3.84973501e+00 6.20219382e+00
 2.64014965e+00 6.08779575e+00
 3.24042850e+00 5.59992991e+00
 3.52729209e+00 6.01790670e+00
 2.88970900e+00 5.67104945e+00
 3.06691928e+00 5.20791774e+00
 2.15061088e+00 5.87958938e+00
 2.83569721e+00 4.85847678e+00
 3.30621905e+00 5.90279546e+00
 2.64781053e+00 6.66156373e+00
 2.06701868e+00 6.43669019e+00
 2.77999739e+00 6.00027503e+00
 4.13595865e+00 5.85948004e+00
 3.47042718e+00 5.39435278e+00
 2.44885506e+00 6.60158876e+00
 3.67968614e+00 5.41948604e+00
 3.83607189e+00 5.57716117e+00
 2.43074444e+00 6.09375470e+00
 2.68153140e+00 5.62787377e+00
 2.07947466e+00 5.86203768e+00
 3.56755676e+00 6.39254797e+00
 1.99977213e+00 5.58081418e+00
 3.82757749e+00 6.04503003e+00
 2.55158621e+00 6.39833747e+00
 2.86297261e+00 6.42164105e+00
 3.21548525e+00 5.98121673e+00
 3.65039739e+00 5.87368687e+00
 3.78792507e+00 5.28000426e+00
 2.51062741e+00 5.66438449e+00
 3.42353067e+00 5.96365513e+00
 2.77809422e+00 4.99677698e+00
 3.04144251e+00 6.06457952e+00
 2.85197803e+00 4.89929780e+00
 3.48680822e+00 5.43303393e+00
 3.68786687e+00 5.86011342e+00
 3.47759311e+00 6.44033401e+00
 3.16731207e+00 6.51626439e+00
 2.98291469e+00 5.24776337e+00
 2.78086115e+00 6.13295635e+00
 3.54446396e+00 5.01355485e+00
 3.93625749e+00 6.22343297e+00
 2.65272265e+00 6.44488408e+00
 2.80895596e+00 5.55135395e+00
 2.42869116e+00 6.50219674e+00
 2.32686742e+00 5.74927908e+00
 2.43858949e+00 5.88206578e+00
 3.34565082e+00 5.71786243e+00
 3.93252366e+00 5.88394954e+00
 2.34222226e+00 6.38255744e+00
 2.55787595e+00 6.12728708e+00
 4.00409701e+00 5.34359678e+00
 3.70349729e+00 5.61066579e+00
 2.78194236e+00 5.47570449e+00
 2.89282737e+00 6.95237752e+00
 2.74432489e+00 5.70223182e+00
 3.70426673e+00 6.51546296e+00
 3.10314508e+00 5.56918573e+00
 3.97681393e+00 7.46763562e+00
 2.55984445e+00 6.02686419e+00
 3.05946116e+00 5.20373892e+00
 2.72264319e+00 7.32066250e+00
 3.64038563e+00 6.23987532e+00
 3.19311216e+00 5.75610892e+00
 2.46647450e+00 5.22573071e+00
 2.49271660e+00 5.90218270e+00
 3.16344232e+00 5.90914804e+00
 3.53581467e+00 5.76236366e+00
 3.56629511e+00 5.16421335e+00
 3.37061714e+00 5.62348929e+00
 2.58738769e+00 6.08095182e+00
 3.68374780e+00 6.54299768e+00
 2.79997787e+00 6.34534180e+00
 2.49666900e+00 6.38979559e+00
 3.07082454e+00 5.81487339e+00
 3.41798841e+00 6.85919010e+00
 2.73327548e+00 5.96030887e+00
 3.36051591e+00 6.40504124e+00
 2.50208857e+00 6.01438352e+00
 3.51477784e+00 5.46120795e+00
 3.42670886e+00 6.29064831e+00
 2.38701640e+00 5.48832355e+00
 3.07803087e+00 5.55883270e+00
 2.54935367e+00 5.79828966e+00
 3.34058020e+00 5.89890042e+00
 3.27924016e+00 7.05682340e+00
 2.99228529e+00 6.28406243e+00
 3.12198685e+00 5.99397101e+00
 3.41903030e+00 4.98079011e+00
 2.78532608e+00 5.93976649e+00
 3.23755746e+00 5.62917252e+00
 2.95191475e+00 5.74248706e+00
 3.46908343e+00 6.48792372e+00
 3.08154330e+00 5.12927502e+00
 3.30100881e+00 6.24232491e+00
 2.67577055e+00 6.03133794e+00
 1.92077463e+00 6.03869333e+00
 2.09984492e+00 6.59279212e+00
 3.38261518e+00 6.07709394e+00
 3.14651290e+00 5.69426121e+00
 3.23724914e+00 5.25896578e+00
 2.62681290e+00 5.99094113e+00
 2.94722245e+00 5.31216273e+00
 2.33478557e+00 4.89943963e+00
 2.44131057e+00 6.69806517e+00
 3.03495942e+00 5.52066102e+00
 3.53625149e+00 5.40834268e+00
 3.18202198e+00 6.37363698e+00
 3.41951868e+00 5.93404109e+00
 2.69984271e+00 6.52504036e+00
 3.53606688e+00 6.97715146e+00
 3.18857290e+00 5.42401792e+00
 2.62406622e+00 5.91606800e+00
 2.55592029e+00 6.28228005e+00
 3.11607722e+00 5.59124810e+00
 3.44424451e+00 7.36605783e+00
 3.15989761e+00 5.63191476e+00
 2.89361672e+00 6.21238729e+00
 3.07261415e+00 6.85598030e+00
 3.00504176e+00 6.06395590e+00
 3.28438630e+00 6.43597990e+00
 2.50331113e+00 5.91085534e+00
 2.48691305e+00 6.70426869e+00
 2.81012523e+00 6.26408777e+00
 2.43978163e+00 5.71679441e+00
 3.17949024e+00 5.37612685e+00
 3.02498902e+00 5.45767885e+00
 3.69086188e+00 5.88878742e+00
 3.30790269e+00 5.97128166e+00
 3.79316089e+00 5.11386816e+00
 3.87422481e+00 6.23772226e+00
 2.92541251e+00 6.40329206e+00
 3.13268285e+00 5.87078402e+00
 2.73785737e+00 5.73379162e+00
 2.42850202e+00 6.52633926e+00
 2.52670141e+00 6.68074686e+00
 2.81060312e+00 5.39899201e+00
 3.01848641e+00 6.39562797e+00
 3.06238983e+00 6.59652756e+00
 4.16048264e+00 5.57844325e+00
 3.65013041e+00 6.52824410e+00
 3.69634854e+00 6.02941020e+00
 3.88346836e+00 6.30207174e+00
 3.62181703e+00 6.15093538e+00
 2.64621744e+00 5.54509725e+00
 3.53924511e+00 5.55576304e+00
 2.48821014e+00 5.39265626e+00
 3.96555556e+00 5.48432450e+00
 2.51739201e+00 5.21763313e+00
 3.30745169e+00 6.54801409e+00
 3.05693380e+00 5.92645445e+00
 3.23800268e+00 5.94703465e+00
 3.32048496e+00 6.41700049e+00
 4.05472834e+00 6.32437561e+00
 3.56003480e+00 5.81205437e+00
 3.06489459e+00 6.21107883e+00
 3.97225456e+00 5.48152088e+00
 2.91270756e+00 5.97608000e+00
 2.84602066e+00 5.18964483e+00
 1.94442961e+00 6.43444692e+00
 2.42920045e+00 5.66188648e+00
 3.06800481e+00 5.96725974e+00
 3.06134231e+00 6.54108600e+00
 2.12717709e+00 6.03938699e+00
 2.56952140e+00 4.82672347e+00
 2.92698058e+00 5.71731555e+00
 4.31306672e+00 6.19500173e+00
 4.03161149e+00 6.38461358e+00
 3.68731607e+00 5.46942640e+00
 3.26104114e+00 5.68808222e+00
 2.36916386e+00 6.03225766e+00
 3.46760969e+00 6.10162765e+00
 2.68230671e+00 5.83617731e+00
 2.09868232e+00 6.31298683e+00
 3.04159505e+00 5.52005273e+00
 3.39799014e+00 6.90787420e+00
 3.12229369e+00 6.45603532e+00
 2.88823844e+00 6.14527141e+00
 2.87132371e+00 6.19673524e+00
 3.05706416e+00 5.60370598e+00
 2.47137596e+00 5.09754452e+00
 4.01669834e+00 6.17574150e+00
 3.03499198e+00 5.69626263e+00
 3.50708854e+00 6.13791386e+00
 1.75588336e+00 6.53156266e+00
 2.82366075e+00 5.94109163e+00
 2.91282062e+00 5.67037118e+00
 3.26734858e+00 6.54478600e+00
 3.12537374e+00 5.57699475e+00
 3.39975624e+00 6.29676297e+00
 2.68987508e+00 6.99001643e+00
 2.94726742e+00 5.48633586e+00
 2.51654265e+00 6.02289552e+00
 2.98937464e+00 6.92396167e+00
 1.66767299e+00 6.44731984e+00
 3.36503983e+00 5.86848849e+00
 3.38147688e+00 6.01619706e+00
 3.83402438e+00 6.29369617e+00
 3.29028467e+00 6.83926154e+00
 2.61929136e+00 6.33671332e+00
 3.75594048e+00 6.17307430e+00
 3.41624815e+00 5.82025856e+00
 2.63379016e+00 6.47711618e+00
 3.19070416e+00 5.29535167e+00
 3.19446064e+00 6.04431970e+00
 3.30942239e+00 6.10975637e+00
 3.25864638e+00 6.76833177e+00
 2.78703775e+00 6.34645916e+00
 3.24871905e+00 5.92447956e+00
 3.03173633e+00 6.57830889e+00
 2.71948499e+00 5.52482734e+00
 2.75462900e+00 6.22173918e+00
 1.93275626e+00 4.99355595e+00
 2.51429861e+00 6.14177746e+00
 3.46507483e+00 5.66906370e+00
 3.13720892e+00 6.60227911e+00
 3.02441511e+00 5.69699647e+00
 2.16870717e+00 5.15878748e+00
 3.63370347e+00 4.97959939e+00
 2.42299211e+00 6.53771250e+00
 2.45320746e+00 4.82161309e+00
 3.45745750e+00 5.62573900e+00
 2.73051929e+00 5.93110833e+00
 2.89309700e+00 5.47890940e+00
 1.80376882e+00 5.78897505e+00
 2.79658458e+00 5.81443281e+00
 2.23410478e+00 5.81157179e+00
 3.49016574e+00 6.23677544e+00
 2.56233277e+00 6.08809175e+00
 2.17937638e+00 6.18638934e+00
 3.74963128e+00 6.35160113e+00
 3.33265833e+00 6.02623837e+00
 2.59881619e+00 6.34826865e+00
 3.98955245e+00 6.16798840e+00
 3.09513765e+00 6.34862280e+00
 4.19089222e+00 5.77254482e+00
 4.24444375e+00 5.70697534e+00
 2.76850258e+00 5.44397685e+00
 2.88381354e+00 5.70763794e+00
 3.21466125e+00 6.36249211e+00
 2.95473825e+00 5.91208678e+00
 3.91675631e+00 5.72637443e+00
 3.19742869e+00 5.58088825e+00
 3.23262893e+00 6.12580882e+00
 3.13998999e+00 5.99689509e+00
 2.35045788e+00 5.77470757e+00
 3.92486559e+00 5.47916652e+00
 3.39725183e+00 5.98879712e+00
 2.64169086e+00 5.62391053e+00
 3.01687779e+00 6.31597133e+00
 3.27765164e+00 4.88377727e+00
 3.92971609e+00 6.03437383e+00
 3.39349438e+00 5.32724373e+00
 2.47750724e+00 5.42130529e+00
 3.37876435e+00 5.14237868e+00
 2.43265498e+00 6.53153184e+00
 3.27044193e+00 6.15102043e+00
 2.45048317e+00 5.91883207e+00
 3.22750289e+00 5.95791176e+00
 3.41723836e+00 4.65945219e+00
 2.69591397e+00 4.85350069e+00
 2.50784524e+00 6.08746199e+00
 3.56739897e+00 6.27860794e+00
 3.45073711e+00 5.83737434e+00
 3.40395213e+00 5.93120128e+00
 4.02381603e+00 5.64727366e+00
 2.62149004e+00 5.54550898e+00
 3.13073197e+00 6.17966140e+00
 3.25540135e+00 6.17131275e+00
 2.39147536e+00 5.48773308e+00
 3.47639235e+00 7.18427963e+00
 3.27926549e+00 5.33239272e+00
 2.97586573e+00 6.42827076e+00
 2.86706991e+00 6.84522657e+00
 3.35857640e+00 6.39252271e+00
 3.77462289e+00 6.26775386e+00
 2.96709042e+00 5.77216483e+00
 1.59080345e+00 5.95629360e+00
 3.71226701e+00 5.78108706e+00
 2.63339766e+00 5.53806759e+00
 2.38298208e+00 5.18503964e+00
 3.00501788e+00 5.68371157e+00
 2.83758830e+00 5.91742000e+00
 2.96586489e+00 6.33781768e+00
 2.80969040e+00 6.78103725e+00
 3.14044398e+00 5.33849195e+00
 2.58913449e+00 5.60037660e+00
 3.02784302e+00 5.29716233e+00
 2.45404340e+00 6.13550931e+00
 3.71194826e+00 6.18681470e+00
 3.24173789e+00 5.50847981e+00
 3.03015592e+00 6.47474946e+00
 2.60291190e+00 6.18331966e+00
 2.69625139e+00 6.96033701e+00
 3.45059351e+00 5.88331991e+00
 3.82823621e+00 5.70502137e+00
 2.99730258e+00 5.51061948e+00
 3.46062699e+00 6.36567884e+00
 3.21716880e+00 6.04726936e+00
 2.85255112e+00 6.43981113e+00
 2.95667012e+00 5.66396670e+00
 2.87965441e+00 6.04693545e+00
 3.26845355e+00 5.77948270e+00
 3.22754537e+00 6.05453838e+00
 2.84641579e+00 5.41923064e+00
 2.26719824e+00 6.52926367e+00
 3.29350308e+00 6.51311174e+00
 3.14960265e+00 5.60614702e+00
 2.65734435e+00 5.42687608e+00
 2.43780653e+00 5.69501222e+00
 2.93265132e+00 6.17779602e+00
 3.14101244e+00 5.88346414e+00
 3.53595003e+00 6.28729794e+00
 2.84086548e+00 5.66941947e+00
 3.03611606e+00 6.11386030e+00
 2.13823603e+00 6.47085687e+00
 2.70596341e+00 6.65375370e+00
 2.26425291e+00 5.58755706e+00
 2.40700769e+00 6.16564115e+00
 2.90722562e+00 6.54251798e+00
 2.49048349e+00 5.55309082e+00
 3.05756817e+00 6.15274260e+00
 4.36878335e+00 6.24741341e+00
 2.32086417e+00 5.75494464e+00
 3.32428690e+00 6.49592818e+00
 3.29685572e+00 6.02341639e+00
 3.91672694e+00 6.73733228e+00
 3.82193865e+00 5.69500295e+00
 3.36334659e+00 6.55015949e+00
 2.46444057e+00 5.70515592e+00
 2.45538753e+00 5.85764397e+00
 3.02964182e+00 5.01427970e+00
 4.07886078e+00 5.02071946e+00
 3.25144600e+00 5.54392552e+00
 2.89319614e+00 5.84111709e+00
 2.29726599e+00 5.79599214e+00
 3.28221901e+00 6.71140690e+00
 2.65426394e+00 5.24547613e+00
 2.78310232e+00 5.63539450e+00
 2.45155677e+00 4.67993527e+00
 3.08785214e+00 5.96230484e+00
 2.45430370e+00 5.85982428e+00
 3.06347281e+00 6.46737026e+00
 3.38805945e+00 5.72423391e+00
 3.82814277e+00 6.55960084e+00
 2.59519127e+00 6.68456873e+00
 2.91223526e+00 5.74910427e+00
 2.22504014e+00 5.56590435e+00
 2.48839073e+00 5.96804016e+00
 3.38682635e+00 5.95935365e+00
 2.73978617e+00 5.59254679e+00
 2.02198204e+00 5.03783947e+00
 2.25346920e+00 5.67791512e+00
 2.39802661e+00 5.99878721e+00
 2.43004437e+00 5.89649649e+00
 2.72502584e+00 6.11763403e+00
 2.80652759e+00 6.76706611e+00
 4.19858661e+00 4.92034658e+00
 2.25370776e+00 6.18347861e+00
 3.80508685e+00 6.21370721e+00
 3.42726830e+00 5.74970493e+00
 3.91460788e+00 6.52534571e+00
 3.29411031e+00 5.15658072e+00
 2.74812141e+00 5.38570838e+00
 2.22036598e+00 5.91244768e+00
 3.36370632e+00 6.09486924e+00
 2.11598170e+00 6.70541258e+00
 2.69847353e+00 5.64779479e+00
 2.51505587e+00 5.96715591e+00
 2.51940668e+00 6.11670957e+00
 2.78842897e+00 6.22078625e+00
 2.58815918e+00 5.85576338e+00
 2.83572289e+00 5.91572662e+00
 3.32108298e+00 5.95527844e+00
 2.95184839e+00 5.81882358e+00
 3.45452242e+00 5.36233464e+00
 3.18072471e+00 6.06479492e+00
 2.70613945e+00 6.12415952e+00
 3.01736813e+00 6.20600041e+00
 3.04000549e+00 5.98052315e+00
 3.24963106e+00 6.04332336e+00
 3.55265489e+00 5.59181912e+00
 2.43917271e+00 6.29654617e+00
 3.73181314e+00 5.69450617e+00
 2.56010577e+00 4.71307107e+00
 3.46270016e+00 6.63903471e+00
 2.16805543e+00 6.53580403e+00
 3.09528318e+00 6.31255009e+00
 2.83647957e+00 5.70506654e+00
 3.14193017e+00 5.89186782e+00
 2.91668786e+00 5.68359820e+00
 3.46113357e+00 5.69404780e+00
 2.91756136e+00 6.12665573e+00
 2.78408056e+00 5.98499512e+00
 2.76048871e+00 5.22373541e+00
 2.85442845e+00 6.13092450e+00
 2.83062089e+00 5.98806423e+00
 2.55295458e+00 6.04654592e+00
 3.55681140e+00 6.51676126e+00
 2.78679325e+00 6.49253309e+00
 3.77462149e+00 6.49981570e+00
 3.11460351e+00 5.85126251e+00
 2.75084519e+00 6.63085686e+00
 2.69814704e+00 6.07348991e+00
 2.32060982e+00 6.63893457e+00
 3.02670755e+00 5.94925773e+00
 2.65011897e+00 5.59508637e+00
 3.21050083e+00 6.09841280e+00
 2.82522155e+00 4.93150394e+00
 2.57404228e+00 5.42435350e+00
 2.63452027e+00 5.24051020e+00
 2.65018682e+00 5.68403986e+00
 2.64762002e+00 5.17013922e+00
 3.09445988e+00 5.86717751e+00
 3.18744825e+00 6.90318395e+00
 3.24970602e+00 5.70886381e+00
 3.01190658e+00 6.66891935e+00
 2.89946626e+00 6.29633150e+00
 3.32264684e+00 5.58230486e+00
 3.33063790e+00 6.12671316e+00
 3.35658426e+00 5.77829805e+00
 3.57222333e+00 5.97292818e+00
 2.70215208e+00 5.18601580e+00
 2.42934523e+00 5.94338699e+00
 2.71113335e+00 5.81458485e+00
 2.88602668e+00 5.88565682e+00
 2.98782930e+00 6.69115520e+00
 2.19587345e+00 6.26119711e+00
 2.91057400e+00 5.94978315e+00
 2.62326176e+00 5.79190729e+00
 4.09527459e+00 5.46646537e+00
 2.92295637e+00 5.96175900e+00
 3.43449205e+00 6.82462066e+00
 2.58895194e+00 6.81333884e+00
 3.64571207e+00 6.24148056e+00
 3.18766471e+00 7.04557975e+00
 3.96893774e+00 5.83695099e+00
 3.24562205e+00 5.22654289e+00
 2.45297230e+00 5.49995988e+00
 3.53163763e+00 6.12545521e+00
 2.86095117e+00 6.00721109e+00
 2.96526119e+00 6.10007181e+00
 2.88483880e+00 6.11730943e+00
 3.43860217e+00 5.98755780e+00
 2.70432417e+00 6.12950052e+00
 2.66803895e+00 6.52723460e+00
 3.06752578e+00 5.51996919e+00
 3.17532387e+00 6.21303015e+00
 2.42675469e+00 6.37278620e+00
 2.96748983e+00 6.25996218e+00
 2.68213984e+00 6.59206175e+00
 3.08303428e+00 6.35047429e+00
 3.26043027e+00 7.06597719e+00
 3.53449089e+00 5.98462968e+00
 3.47468804e+00 5.92017373e+00
 2.24757119e+00 5.25049236e+00
 2.60113230e+00 5.56532025e+00
 2.92224644e+00 6.21748813e+00
 3.57965147e+00 6.30697087e+00
 2.89429975e+00 6.02073640e+00
 3.24948558e+00 6.53702057e+00
 2.97339074e+00 5.14421275e+00
 2.67297745e+00 6.30755766e+00
 2.94549669e+00 6.49868177e+00
 3.21884213e+00 6.96244306e+00
 2.94122823e+00 5.88102926e+00
 2.74731653e+00 6.08564099e+00
 3.63995527e+00 5.78087317e+00
 2.86908012e+00 6.58819007e+00
 2.63722685e+00 5.94123700e+00
 3.04188142e+00 6.05670579e+00
 3.47726963e+00 4.69585212e+00
 2.47104645e+00 6.01995648e+00
 3.26349582e+00 6.05206139e+00
 3.56868354e+00 5.67962995e+00
 2.32678471e+00 6.67685656e+00
 2.48577750e+00 6.18429600e+00
 2.98562331e+00 5.70169826e+00
 3.53170015e+00 6.61381756e+00
 2.87287826e+00 5.91699881e+00
 3.24373452e+00 6.29459371e+00
 2.55134377e+00 5.96516766e+00
 2.96657678e+00 6.00839552e+00
 2.61000655e+00 5.54221509e+00
 2.49724274e+00 6.22270555e+00
 2.73284770e+00 6.35866582e+00
 1.64563140e+00 6.53505477e+00
 3.13556153e+00 5.38953227e+00
 2.88889058e+00 4.98682105e+00
 3.82854758e+00 6.23397260e+00
 3.90385365e+00 5.94867875e+00
 2.82680490e+00 6.21671740e+00
 3.42836645e+00 6.05528458e+00
 2.16500742e+00 6.13196421e+00
 2.89265587e+00 6.37676157e+00
 2.85004098e+00 6.07956551e+00
 2.84903689e+00 5.44958734e+00
 3.36851790e+00 5.91944127e+00
 3.51611533e+00 5.75765875e+00
 3.27310433e+00 6.10227644e+00
 2.89860896e+00 4.71954392e+00
 2.02171348e+00 6.19307704e+00
 3.14195204e+00 5.45138743e+00
 3.18651477e+00 6.00195303e+00
 3.25919825e+00 6.29132907e+00
 2.83011222e+00 4.84075870e+00
 3.01836919e+00 5.57566217e+00
 2.53746418e+00 5.81281586e+00
 4.08890821e+00 6.31785997e+00
 2.89705564e+00 6.16690905e+00
 3.10312599e+00 5.43996966e+00
 2.87500561e+00 5.51102433e+00
 1.48440935e+00 6.21734643e+00
 2.53001792e+00 5.63225171e+00
 2.62416060e+00 6.17032418e+00
 2.59362213e+00 5.56857651e+00
 2.85865065e+00 6.13634120e+00
 3.88414848e+00 6.32547260e+00
 2.40636215e+00 6.25275691e+00
 3.18180609e+00 5.51903589e+00
 2.91299727e+00 6.22753084e+00
 3.36952035e+00 6.46246941e+00
 3.34611274e+00 5.43184539e+00
 2.96667130e+00 6.38528394e+00
 2.57648753e+00 5.99843718e+00
 3.22526250e+00 5.30936130e+00
 2.99035437e+00 6.15934699e+00
 3.20556450e+00 6.88358138e+00
 1.96061238e+00 5.12310288e+00
 3.24019731e+00 6.54499296e+00
 3.38133911e+00 5.76633187e+00
 3.64115938e+00 5.63052632e+00
 2.85078415e+00 6.42922875e+00
 3.67120795e+00 6.35591843e+00
 2.39548869e+00 6.49781665e+00
 3.39405878e+00 4.82879098e+00
 3.66920791e+00 5.62688459e+00
 2.70794357e+00 4.94621422e+00
 3.12310643e+00 5.54605325e+00
 3.25459905e+00 6.29399081e+00
 3.65095789e+00 6.84762331e+00
 3.27919774e+00 6.60626019e+00
 2.19730742e+00 6.86911501e+00
 2.78967219e+00 5.74369184e+00
 3.31743643e+00 5.47067519e+00
 2.84700960e+00 6.03788060e+00
 3.74346808e+00 5.72123162e+00
 3.44586873e+00 5.47286861e+00
 2.20283116e+00 5.02293046e+00
 3.26763498e+00 6.37205750e+00
 2.25805595e+00 5.43317073e+00
 3.53638982e+00 6.29126969e+00
 3.06172499e+00 5.84069345e+00
 3.13894895e+00 6.27570701e+00
 4.42192254e+00 5.21006859e+00
 3.26422516e+00 5.47284164e+00
 2.64244972e+00 6.82124788e+00
 2.56450169e+00 5.90482862e+00
 2.64545125e+00 6.43064231e+00
 3.05672223e+00 6.83944751e+00
 3.28930053e+00 6.54675421e+00
 3.33972814e+00 6.40059894e+00
 2.35177582e+00 5.62787348e+00
 3.18532090e+00 6.06212328e+00
 3.29784773e+00 5.29929945e+00
 2.39389047e+00 5.58454401e+00
 3.08707310e+00 6.07182423e+00
 3.36240178e+00 7.22019249e+00
 2.50429313e+00 5.85269036e+00
 3.29366813e+00 5.38380402e+00
 3.80053121e+00 5.97172111e+00
 2.76335994e+00 5.74504648e+00
 3.05164806e+00 5.67322896e+00
 2.45403822e+00 6.23995472e+00
 3.25207969e+00 5.43221288e+00
 3.19600209e+00 6.37430312e+00
 2.14386568e+00 6.24940839e+00
 2.75643990e+00 5.85100460e+00
 2.52252519e+00 6.19583018e+00
 2.85170494e+00 6.91758970e+00
 3.05151052e+00 5.33377945e+00
 3.09880071e+00 6.53275163e+00
 3.20025544e+00 5.93324605e+00
 3.15576908e+00 5.00838085e+00
 3.62992329e+00 5.80924627e+00
 2.68512275e+00 6.48379272e+00
 2.58190476e+00 4.97413549e+00
 2.54833154e+00 4.59082552e+00
 3.20041133e+00 6.38410154e+00
 2.81247898e+00 6.25102900e+00
 2.51051344e+00 5.86339855e+00
 3.13132925e+00 5.76559548e+00
 3.29002409e+00 6.66547581e+00
 2.55919272e+00 6.31313800e+00
 3.56213376e+00 7.20941152e+00
 2.58120145e+00 6.34095320e+00
 2.64609583e+00 5.70903324e+00
 2.70566254e+00 6.17011861e+00
 2.41347476e+00 6.12581329e+00
 3.06319739e+00 5.36874252e+00
 3.63345928e+00 5.95614860e+00
 3.66059730e+00 7.30662957e+00
 3.62562070e+00 5.98224320e+00
 2.69103732e+00 6.26742018e+00
 3.56358149e+00 5.94889313e+00
 2.20340887e+00 6.00828277e+00
 2.74024370e+00 6.87936764e+00
 2.64861276e+00 5.56839146e+00
 2.73544865e+00 6.23093496e+00
 2.78606981e+00 5.09129053e+00
 3.45153334e+00 5.94070881e+00
 3.68400102e+00 5.06375233e+00
 3.18518507e+00 6.63206062e+00
 3.10306974e+00 6.31125170e+00
 2.80900659e+00 5.89627712e+00
 3.70812548e+00 5.29868851e+00
 4.15067920e+00 6.75331147e+00
 2.64093493e+00 5.81562763e+00
 2.28737785e+00 5.93417204e+00
 4.15544401e+00 6.08672614e+00
 3.06127566e+00 4.98323686e+00
 3.99604256e+00 5.94828813e+00
 2.88502914e+00 5.82724296e+00
 2.67234451e+00 5.73928426e+00
 2.09271932e+00 4.83404162e+00
 2.47780067e+00 6.80119189e+00
 2.80811751e+00 5.12462771e+00
 2.80483377e+00 6.42689645e+00
 3.15633491e+00 6.53413370e+00
 2.55279784e+00 6.10404682e+00
 3.76712331e+00 6.13198020e+00
 3.10418923e+00 5.68114331e+00
 3.41263651e+00 6.47912617e+00
 3.26474307e+00 5.13957651e+00
 3.66285326e+00 6.08441014e+00
 2.71958098e+00 5.83062097e+00
 2.51915509e+00 5.77868573e+00
 2.73793886e+00 5.27435552e+00
 2.86273195e+00 5.98415548e+00
 2.93622175e+00 5.54176855e+00
 3.04255684e+00 5.88140054e+00
 2.15979485e+00 5.74612888e+00
 3.35797033e+00 6.13794492e+00
 3.52687307e+00 5.89820218e+00
 3.83878426e+00 5.50960862e+00
 2.19006726e+00 7.13282514e+00
 3.00906577e+00 5.77523036e+00
 3.27811277e+00 6.63125643e+00
 2.47451772e+00 6.64473130e+00
 1.73171322e+00 5.22069137e+00
 2.70741040e+00 6.13950649e+00
 3.87817957e+00 6.17071689e+00
 3.12194552e+00 5.71689621e+00
 2.87642299e+00 6.08949862e+00
 2.95849665e+00 7.16334697e+00
 2.51405851e+00 6.22932218e+00
 3.40727522e+00 7.03588822e+00
 3.08798231e+00 6.12539612e+00
 2.31583546e+00 6.30579384e+00
 2.95677167e+00 4.40461275e+00
 3.03937240e+00 6.01832932e+00
 2.95344601e+00 6.15169565e+00
 3.12775783e+00 5.68514314e+00
 2.85965261e+00 7.35660683e+00
 3.40012369e+00 5.67193612e+00
 2.09100898e+00 5.83001666e+00
 2.61223253e+00 5.12342216e+00
 2.37895410e+00 6.69909479e+00
 2.78756693e+00 5.99837202e+00
 2.56572746e+00 5.92976961e+00
 2.85015605e+00 4.86071840e+00
 3.44976515e+00 6.07664451e+00
 3.21640107e+00 5.65940235e+00
 2.56172313e+00 6.12530596e+00
 3.90589264e+00 6.13787655e+00
 2.79468578e+00 6.28118516e+00
 3.28395720e+00 5.90417405e+00
 4.24656157e+00 6.11782900e+00
 3.51403394e+00 6.25313345e+00
 2.72934929e+00 6.25002957e+00
 2.82571161e+00 6.94159348e+00
 2.79794852e+00 5.70597260e+00
 2.77089497e+00 6.43681411e+00
 3.17813251e+00 6.64882294e+00
 2.63516875e+00 6.29808390e+00
 2.68033558e+00 4.84695223e+00
 1.83631612e+00 6.08994327e+00
 2.94140137e+00 6.60326866e+00
 2.05866044e+00 5.33647911e+00
 3.21153409e+00 6.11133199e+00
 2.11166191e+00 5.95977149e+00
 3.63346351e+00 4.50147698e+00
 2.18950129e+00 6.24957278e+00
 3.01586820e+00 6.55418411e+00
 3.44547353e+00 4.97349863e+00
 2.63786808e+00 5.68537672e+00
 3.17975236e+00 5.27038596e+00
 2.93862741e+00 5.64676125e+00
 2.74873998e+00 5.97631634e+00
 3.63689527e+00 5.80735640e+00
 2.99355973e+00 5.44629555e+00
 2.71823609e+00 6.19306206e+00
 3.69235164e+00 5.74468589e+00
 2.62238449e+00 7.10441288e+00
 3.00521718e+00 6.04870200e+00
 2.76290243e+00 7.05166746e+00
 2.84973488e+00 5.41843180e+00
 4.50108671e+00 6.81287860e+00
 2.58388944e+00 6.33993953e+00
 3.18335412e+00 6.00109276e+00
 2.95001854e+00 6.15649613e+00
 3.45995037e+00 6.32020390e+00
 2.95700690e+00 6.49594523e+00
 3.43639767e+00 6.39478208e+00
 3.70861521e+00 6.20820096e+00
 2.85497668e+00 6.20244962e+00
 3.41692648e+00 6.20340143e+00
 3.36217753e+00 5.75521701e+00
 3.24825868e+00 6.12045782e+00
 2.71712794e+00 5.83866790e+00
 3.91590014e+00 6.33619427e+00
 2.22400670e+00 5.86211519e+00
 3.78645003e+00 5.87753879e+00
 2.01329867e+00 6.56945005e+00
 3.53708854e+00 6.23811320e+00
 3.41212675e+00 5.74611446e+00
 2.83004918e+00 6.41282264e+00
 3.08568789e+00 5.89201328e+00
 3.42761564e+00 5.87427167e+00
 2.39106777e+00 5.39196959e+00
 3.12266976e+00 6.16817067e+00
 3.19766808e+00 5.55344256e+00
 2.33305696e+00 5.95606035e+00
 2.46806273e+00 5.81170460e+00
 3.02406092e+00 5.67897157e+00
 2.64914398e+00 6.99229142e+00
 2.73130486e+00 6.47925795e+00
 3.48736697e+00 5.77595981e+00
 2.49407201e+00 6.49968764e+00
 2.47075234e+00 6.03140147e+00
 2.77361583e+00 6.26256166e+00
 3.59314248e+00 5.78057035e+00
 3.74756549e+00 5.96359982e+00
 2.44060483e+00 5.73239054e+00
 3.18491997e+00 5.37994549e+00
 1.98609936e+00 5.75813449e+00
 3.93326994e+00 6.10306497e+00
 3.70485373e+00 6.55622989e+00
 3.13301304e+00 6.12691915e+00
 3.36429587e+00 5.28036939e+00
 2.91015157e+00 5.83385011e+00
 2.76233533e+00 6.28051955e+00
 2.87705556e+00 5.53754133e+00
 3.93755824e+00 5.37794411e+00
 3.07095871e+00 5.52495347e+00
 3.18795299e+00 5.78218292e+00
 2.41466092e+00 5.44684517e+00
 3.49784941e+00 5.08467985e+00
 3.40444809e+00 6.59810138e+00
 2.92947275e+00 5.59715157e+00
 3.58576969e+00 5.15839156e+00
 2.54977930e+00 6.36603596e+00
 3.33224673e+00 6.01530166e+00
 1.88521405e+00 4.71002212e+00
 3.67139746e+00 6.45823867e+00
 2.43560378e+00 5.73744337e+00
 2.96773320e+00 6.38470500e+00
 3.66593516e+00 5.29767797e+00
 3.07880064e+00 5.47733174e+00
 2.92091292e+00 6.38326429e+00
 3.73436963e+00 5.75215952e+00
 2.00009234e+00 6.30702701e+00
 2.71395443e+00 6.73454156e+00
 2.45896636e+00 6.53698810e+00
 2.96787632e+00 5.81923894e+00
 2.44907203e+00 5.97166515e+00
 3.64671708e+00 6.11746704e+00
 3.53012666e+00 6.38935497e+00
 2.34582265e+00 6.14474809e+00
 3.06712206e+00 5.87150531e+00
 3.66222758e+00 6.50876779e+00
 2.95577367e+00 6.19041912e+00
 2.84895040e+00 5.65708145e+00
 2.84068855e+00 6.60051663e+00
 2.92382496e+00 6.23857874e+00
 2.79533854e+00 6.20425853e+00
 3.21843237e+00 5.67439151e+00
 1.69940210e+00 5.59466896e+00
 2.57251345e+00 6.22055495e+00
 3.59979000e+00 4.61131210e+00
 2.84702367e+00 6.08802820e+00
 2.58426819e+00 4.58892405e+00
 3.77459511e+00 6.12205639e+00
 2.97201805e+00 5.29008993e+00
 2.31540726e+00 5.32308553e+00
 4.11421689e+00 6.21424108e+00
 2.73425061e+00 6.19973022e+00
 3.19546790e+00 5.84664701e+00
 2.46731730e+00 6.40135794e+00
 3.48516409e+00 6.35345169e+00
 3.25299873e+00 5.52831316e+00
 2.55902285e+00 6.54196119e+00
 3.05472173e+00 5.79580750e+00
 3.45858817e+00 6.55309286e+00
 3.44322716e+00 5.78519718e+00
 3.62353947e+00 7.08958357e+00
