 2.29831933e+00 8.76965468e+00
 1.59785284e+00 8.37584731e+00
 1.68716007e+00 7.35396088e+00
 1.34503456e+00 7.93781814e+00
 2.13230480e+00 8.42774006e+00
 9.95021191e-01 7.75332779e+00
 2.90911643e+00 8.92667333e+00
 1.25405072e+00 7.16948374e+00
 5.29650974e+00 6.38297453e+00
 2.97153282e+00 8.97215234e+00
 9.36445813e-01 5.84377386e+00
 1.65791910e+00 7.78550630e+00
 4.41625686e+00 7.21009201e+00
 1.99097406e+00 8.98965432e+00
 4.89547456e-01 2.33342582e+00
 6.09340145e+00 4.88541899e+00
 2.43453580e+00 8.95237043e+00
 3.06669205e+00 9.02447110e+00
 1.46768521e+00 7.60424637e+00
 1.92767942e+00 8.74012242e+00
 2.20635158e+00 8.86276193e+00
 2.33690903e+00 8.40626347e+00
 1.18252347e+00 8.10780819e+00
 4.92948309e+00 7.07610195e+00
 9.95129126e-01 6.84409332e+00
 1.57427444e+00 8.32255189e+00
 2.78725231e+00 8.73547244e+00
 1.13941281e+00 6.97160656e+00
 1.47029695e+00 8.04137938e+00
 4.24246370e+00 7.52844130e+00
 1.34746573e+00 7.36620753e+00
 1.33808507e+00 7.52778909e+00
 4.14747085e+00 7.70206479e+00
 1.49858239e+00 8.02656566e+00
 3.12398369e+00 8.06957579e+00
 3.80980985e+00 8.45715842e+00
 2.10236721e+00 8.79060471e+00
 2.12062448e+00 9.55992420e+00
 2.04605832e+00 9.24687485e+00
 5.09264898e+00 6.52357754e+00
 2.39532051e+00 8.80701619e+00
 1.67653680e+00 8.26034163e+00
 2.37657708e+00 9.29978176e+00
 2.40823246e+00 8.94975508e+00
 7.15761403e-01 3.95524739e+00
 2.33477924e+00 8.95075718e+00
 1.62280828e+00 8.02295642e+00
 2.18777163e+00 8.57400708e+00
 1.82547186e+00 8.37037432e+00
 2.64689290e+00 8.61403906e+00
 3.94901309e+00 8.57815755e+00
 2.49214483e+00 8.64560349e+00
 3.89042536e+00 7.99258010e+00
 5.56394874e+00 5.29825478e+00
 2.90493760e+00 8.57174934e+00
 3.18322483e+00 9.05076083e+00
 2.21921492e+00 9.02364889e+00
 1.27001521e+00 7.96248991e+00
 3.39249266e+00 8.86564127e+00
 1.45498958e+00 7.99227547e+00
 1.20186828e+00 7.38585401e+00
 3.00050746e+00 8.66296371e+00
 4.01670868e+00 7.80379201e+00
 3.88182928e+00 8.04327099e+00
 1.24905216e+00 6.22122256e+00
 7.25603712e-01 5.84908852e+00
 1.78891237e+00 9.06798275e+00
 1.29090120e+00 7.48120770e+00
 9.85271989e-01 7.80583897e+00
 2.58490059e+00 8.61044791e+00
 3.60595975e+00 8.76233884e+00
 1.17407131e+00 7.72204666e+00
 4.07121010e+00 8.70631812e+00
 4.35806726e+00 8.06449228e+00
 3.27933312e+00 8.83417796e+00
 1.49698766e+00 8.99741328e+00
 3.15238067e+00 9.39322564e+00
 1.00659265e+00 5.39353391e+00
 2.55813034e+00 8.37404793e+00
 1.26031102e+00 7.44135025e+00
 2.20709833e+00 9.22154378e+00
 4.88466826e+00 6.95606558e+00
 2.80314132e+00 8.70154228e+00
 1.25388598e+00 6.99767223e+00
 3.53952322e+00 7.66017798e+00
 3.01268257e+00 9.42366014e+00
 3.01778270e+00 9.16308814e+00
 3.33155092e+00 9.27975486e+00
 3.08379518e+00 9.18792154e+00
 1.17815031e+00 5.83048674e+00
 2.93083306e+00 8.34058836e+00
 1.61598022e+00 9.25154324e+00
 1.89927751e+00 8.95035304e+00
 4.35598983e+00 7.91195555e+00
 2.60169753e+00 8.72933101e+00
 1.20227667e+00 7.39725947e+00
 3.32032995e+00 8.77169343e+00
 1.68268974e+00 8.97996831e+00
 1.51245777e+00 9.24141271e+00
 3.65490196e+00 8.82111200e+00
 2.53054004e+00 9.15838854e+00
 1.13376727e+00 7.54228648e+00
 5.40283015e+00 6.14331891e+00
 1.62899980e+00 8.33541421e+00
 3.75624600e+00 8.49589087e+00
 2.57811521e+00 8.83579975e+00
 1.76532724e+00 8.99697693e+00
 1.30328691e+00 7.26825283e+00
 1.93785944e+00 8.50938047e+00
 1.01622136e+00 6.39919545e+00
 4.09289596e+00 8.34866691e+00
 2.20572037e+00 8.51048332e+00
 2.48882133e+00 9.08403512e+00
 3.27219382e+00 9.04248142e+00
 4.55844093e+00 7.05879929e+00
 8.74778568e-01 4.73236852e+00
 2.37966214e+00 9.24741778e+00
 2.98570721e+00 8.64146614e+00
 1.16287449e+00 6.48475378e+00
 6.86434991e-01 5.71014294e+00
 2.32439959e+00 9.73284693e+00
 3.15607545e+00 8.51722055e+00
 1.87384002e+00 8.50062148e+00
 2.93824238e+00 8.73433475e+00
 2.15321388e+00 8.66108336e+00
 2.68361141e+00 9.33145451e+00
 2.77144055e+00 8.36430881e+00
 2.18019999e+00 9.54451916e+00
 1.69847501e+00 8.84347816e+00
 1.33286257e+00 7.44457537e+00
 1.15128020e+00 6.09020150e+00
 4.93130125e+00 7.04171929e+00
 7.48782131e-01 6.03760438e+00
 1.07875949e+00 8.04180604e+00
 4.88310378e+00 6.91685375e+00
 9.77533802e-01 5.95748187e+00
 1.72729678e+00 7.95825270e+00
 6.11114211e+00 5.07071746e+00
 2.01378642e+00 8.53527141e+00
 1.04547431e+00 7.63088067e+00
 2.12142457e+00 9.32319237e+00
 2.10492357e+00 9.11214821e+00
 2.75708840e+00 8.45616587e+00
 2.94513096e+00 8.71216057e+00
 4.22012266e+00 8.37738651e+00
 3.52553876e+00 8.90488412e+00
 2.13256508e+00 9.41653421e+00
 2.06347316e+00 8.10145264e+00
 1.85792740e+00 8.38881994e+00
 1.21874370e+00 6.87410081e+00
 6.02982685e-01 1.80721010e+00
 1.07412194e+00 7.04091234e+00
 6.30104684e+00 4.55578931e+00
 2.35450953e+00 8.95006088e+00
 9.16023292e-01 6.95391657e+00
 5.28734942e-01 2.76440755e+00
 2.18564646e+00 9.64409193e+00
 1.95209561e+00 8.37783258e+00
 1.00485020e+00 7.45774010e+00
 5.53687568e-01 3.33409147e+00
 1.81284342e+00 8.72840966e+00
 2.33851839e+00 9.29011208e+00
 1.23404732e+00 7.98670161e+00
 2.51502301e+00 8.97112527e+00
 1.95951366e+00 9.04167942e+00
 2.76098837e+00 8.76130006e+00
 1.44604472e+00 8.06014496e+00
 5.04548719e+00 6.70126919e+00
 1.10620199e+00 6.44748813e+00
 3.62752000e+00 8.61387070e+00
 4.24707041e+00 7.98780675e+00
 3.31569061e+00 8.80104789e+00
 5.05328834e+00 6.50824861e+00
 2.14060334e+00 8.95785097e+00
 3.50434102e+00 8.51580942e+00
 4.67737809e+00 6.94993689e+00
 4.56978036e+00 7.54022427e+00
 2.59854669e+00 9.09018826e+00
 2.12762813e+00 8.77930442e+00
 6.88385146e+00 3.07545276e+00
 3.01776186e+00 9.01168062e+00
 4.58032244e+00 7.43249832e+00
 5.37670678e+00 6.26600878e+00
 2.70180169e+00 8.55220839e+00
 2.80358277e+00 8.99367163e+00
 2.26781224e+00 8.93382224e+00
 1.59684865e+00 9.33251708e+00
 6.16319083e+00 4.91950985e+00
 2.59307194e+00 9.28741430e+00
 2.66452644e+00 9.10603238e+00
 3.27218699e+00 8.45235921e+00
 4.30502132e+00 7.44303260e+00
 2.90466604e+00 8.83139120e+00
 2.30784478e+00 8.64481203e+00
 3.06488709e+00 8.88921572e+00
 1.63908465e+00 8.71322304e+00
 2.06153641e+00 8.76415154e+00
 4.21271791e+00 7.63104943e+00
 3.50344403e+00 8.43140218e+00
 1.82743981e+00 9.28634967e+00
 4.13495409e+00 8.10075459e+00
 1.99846383e+00 8.41525676e+00
 1.05561233e+00 7.25611452e+00
 1.78793822e+00 8.14195995e+00
 2.75720192e+00 9.33350018e+00
 4.07125823e+00 7.55610874e+00
 5.78427432e+00 5.59835553e+00
 4.24269150e+00 7.58784579e+00
 1.34400840e+00 7.89225037e+00
 1.69221557e+00 7.87457413e+00
 2.65504307e+00 8.74389239e+00
 1.35650664e+00 7.66234397e+00
 1.23842461e+00 7.28104549e+00
 5.26439826e+00 6.47980130e+00
 6.14133138e+00 4.78816570e+00
 2.01543029e+00 8.47045015e+00
 2.74041966e+00 9.20340836e+00
 7.29181230e+00 2.40322138e+00
 5.66167044e+00 5.39821744e+00
 1.73882899e+00 8.42210993e+00
 9.28997672e-01 6.37304127e+00
 5.31722414e+00 5.98569711e+00
 1.61261994e+00 8.26385584e+00
 1.39186359e+00 8.12049148e+00
 2.26118631e+00 8.83837160e+00
 2.93974053e+00 9.14694905e+00
 1.29935867e+00 7.23091221e+00
 2.58300072e+00 8.51501261e+00
 6.28004093e-01 4.18326849e+00
 9.32008209e-01 5.95265995e+00
 1.29979242e+00 6.55760942e+00
 1.26234410e+00 8.09473410e+00
 1.70365913e+00 7.72784934e+00
 1.92314416e+00 9.01670671e+00
 3.70819276e+00 8.43244759e+00
 3.58796686e+00 8.33564252e+00
 1.28053455e+00 8.23173810e+00
 3.29159488e+00 8.63805849e+00
 2.70301504e+00 9.35772761e+00
 3.64721406e+00 8.87123066e+00
 1.97255886e+00 8.30421960e+00
 3.96020065e+00 7.96513998e+00
 2.51931901e+00 8.64083283e+00
 1.14836185e+00 7.64734900e+00
 7.82989915e+00 7.11297569e-01
 3.59458906e+00 8.21120137e+00
 1.75900027e+00 9.44724741e+00
 4.66488481e+00 6.92369582e+00
 2.97307818e+00 8.89787144e+00
 1.44742944e+00 7.65211320e+00
 1.75710570e+00 8.70142618e+00
 2.59542393e+00 9.67966827e+00
 3.00607706e+00 9.06713506e+00
 1.39708324e+00 7.70153989e+00
 2.48870838e+00 9.80195477e+00
 2.40642018e+00 8.84183536e+00
 5.85746634e+00 5.16674805e+00
 2.80592599e+00 9.07118700e+00
 9.65372870e-01 5.21931629e+00
 3.22189355e+00 8.73000174e+00
 2.68887721e+00 8.57372986e+00
 1.36576334e+00 8.37695793e+00
 9.58150734e-01 7.32008335e+00
 1.17246134e+00 7.06408261e+00
 1.97503002e+00 8.25844223e+00
 2.12094280e+00 9.14530065e+00
 5.85954367e+00 5.42373611e+00
 5.53444737e+00 6.05810024e+00
 3.54631288e+00 8.56827278e+00
 3.58339070e+00 8.64425873e+00
 9.90122837e-01 6.68274084e+00
 1.12471359e+00 6.82178642e+00
 2.29837684e+00 8.23117111e+00
 7.95772801e-01 3.41522647e+00
 3.86050134e+00 8.19440020e+00
 2.69425710e+00 8.76035913e+00
 1.04676088e+00 5.55797814e+00
 1.48621635e+00 8.93153882e+00
 1.84710928e+00 9.11780419e+00
 2.69464570e+00 8.90736560e+00
 1.58314475e+00 8.17126233e+00
 2.96602690e+00 8.94701908e+00
 2.39286730e+00 8.81033256e+00
 2.58041789e+00 9.80808801e+00
 1.48569494e+00 7.08572877e+00
 1.43738730e+00 8.03489232e+00
 1.48532981e+00 8.63417294e+00
 4.08766869e+00 8.34794775e+00
 3.02028639e+00 8.73763124e+00
 2.27016132e+00 9.25916396e+00
 7.01708916e-01 3.55253165e+00
 1.42461453e+00 7.41570089e+00
 2.54353328e+00 8.48055890e+00
 2.70520643e+00 9.69154230e+00
 1.48527631e+00 8.13352536e+00
 2.86499789e+00 8.81698301e+00
 4.50966059e+00 7.14329077e+00
 5.50712410e-01 2.71286960e+00
 2.80675617e+00 8.71383915e+00
 2.03965197e+00 8.97144266e+00
 1.74177885e+00 7.75851054e+00
 1.16419637e+00 6.30939668e+00
 3.21295441e+00 8.69452464e+00
 2.38494370e+00 8.87877174e+00
 2.14326091e+00 8.78186573e+00
 2.98440451e+00 8.77554185e+00
 8.91130844e-01 7.01400630e+00
 1.93150409e+00 8.58178361e+00
 4.32258157e+00 7.53568152e+00
 3.09428359e+00 9.00143698e+00
 1.79411376e+00 8.73032822e+00
 1.69626760e+00 8.37452047e+00
 2.41047063e+00 9.03495812e+00
 2.20832506e+00 9.13157911e+00
 1.87059454e+00 8.82362958e+00
 2.53226866e+00 9.18202381e+00
 1.58843193e+00 8.66039922e+00
 1.58756833e+00 8.95537204e+00
 5.22746738e+00 6.19654879e+00
 3.43937249e+00 8.49168711e+00
 1.76971852e+00 8.82268583e+00
 1.25444068e+00 6.45155364e+00
 4.01616497e+00 7.87912826e+00
 2.48857960e+00 9.95931365e+00
 3.17242869e+00 9.17011809e+00
 2.25882382e+00 8.35296394e+00
 2.01585811e+00 8.33353361e+00
 2.92711869e+00 9.19756018e+00
 3.48013343e+00 7.96050756e+00
 8.57381363e-01 5.39910326e+00
 5.93410419e+00 4.91807295e+00
 1.39075535e+00 8.07120287e+00
 4.62782592e+00 7.42684373e+00
 9.44335601e-01 5.79154369e+00
 1.79526299e+00 8.90541462e+00
 1.92458780e+00 8.89004627e+00
 1.43524826e+00 8.82067662e+00
 2.80472110e+00 8.88161496e+00
 3.18143357e+00 8.92656104e+00
 4.84387081e+00 7.27486503e+00
 3.58467205e+00 8.34059965e+00
 5.70330905e+00 5.62573113e+00
 2.76988733e+00 9.11651829e+00
 2.55498094e+00 8.45944612e+00
 2.55240461e+00 8.59173032e+00
 5.60154017e+00 5.69641156e+00
 3.43080583e+00 8.89518991e+00
 3.35535831e+00 8.50692565e+00
 7.95308296e-01 5.85507126e+00
 5.98814375e-01 3.61740176e+00
 2.44144227e+00 9.72699579e+00
 2.45632751e+00 9.21277572e+00
 1.50426726e+00 7.99291231e+00
 7.59577252e-01 3.95816204e+00
 1.94169984e+00 8.58778074e+00
 3.21776085e+00 8.75666928e+00
 2.50351403e+00 9.57799946e+00
 2.35887010e+00 9.84284108e+00
 2.60289478e+00 9.47347306e+00
 2.29594609e+00 9.40612123e+00
 6.70277982e-01 2.46264506e+00
 3.39307212e+00 8.79251997e+00
 2.81648018e+00 9.03551668e+00
 2.74531202e+00 9.33918962e+00
 2.26982755e+00 8.37193475e+00
 5.06058368e+00 6.41334381e+00
 2.42957425e+00 8.80578816e+00
 2.16480321e+00 9.13358512e+00
 1.17206668e+00 6.80075520e+00
 1.57243731e+00 7.89237889e+00
 3.13836236e+00 9.14028227e+00
 1.96556327e+00 9.24736044e+00
 5.27276765e+00 5.77831473e+00
 3.15668025e+00 8.79571383e+00
 1.60349011e+00 7.69420308e+00
 3.67240045e+00 8.79694011e+00
 6.65841444e+00 3.44701801e+00
 3.34911497e+00 8.26715044e+00
 8.52937854e-01 4.84201688e+00
 2.43548912e+00 9.14320891e+00
 7.01989464e+00 2.83317973e+00
 3.02229379e+00 9.16614778e+00
 1.51188226e+00 8.21066192e+00
 1.61206840e+00 7.66337263e+00
 1.01642765e+00 6.55197436e+00
 2.58402179e+00 9.09977072e+00
 2.05701634e+00 8.56068166e+00
 6.01279673e-01 1.13735626e+00
 6.90952940e+00 3.38233691e+00
 4.24730762e+00 7.57981223e+00
 3.28981255e+00 8.61492840e+00
 3.77697360e+00 8.91062650e+00
 1.66756157e+00 9.25532354e+00
 7.85543892e+00 1.09198022e+00
 4.17033099e+00 7.85176715e+00
 2.05962369e+00 9.01568401e+00
 3.33831458e+00 8.60108494e+00
 1.99362486e+00 8.68721944e+00
 2.11152557e+00 8.86352973e+00
 1.23789067e+00 7.37453645e+00
 2.42981833e+00 8.72241392e+00
 2.62508287e+00 8.67435177e+00
 1.99085730e+00 9.45860163e+00
 1.86270569e+00 8.22260558e+00
 9.18244523e-01 8.05460472e+00
 4.55951293e+00 7.15050803e+00
 9.66925390e-01 6.15599301e+00
 8.32162301e-01 5.67064118e+00
 1.05307564e+00 5.84356206e+00
 6.99648457e-01 5.17736205e+00
 4.60924152e+00 7.27283416e+00
 3.47698238e+00 9.06236489e+00
 1.79468624e+00 8.38555452e+00
 2.86325327e+00 8.33204810e+00
 6.12432041e-01 4.44991914e+00
 8.91707317e-01 5.96037180e+00
 1.19249852e+00 7.71116646e+00
 2.06624296e+00 9.70790157e+00
 2.18817615e+00 8.85105561e+00
 5.21297916e+00 5.82351316e+00
 1.34521514e+00 7.67941907e+00
 3.85535409e+00 8.00429428e+00
 1.15689476e+00 7.84492797e+00
 2.74852688e+00 9.29778698e+00
 2.26639263e+00 9.46365732e+00
 3.27162136e+00 9.27698219e+00
 3.46851492e+00 8.74931312e+00
 4.93236314e+00 7.01782642e+00
 2.81306609e+00 9.71310830e+00
 2.00802218e+00 9.00205991e+00
 1.76953584e+00 9.45388452e+00
 5.50804627e+00 6.00495648e+00
 3.58493154e+00 8.37738669e+00
 3.40815462e+00 8.69350715e+00
 2.83209462e+00 8.52502426e+00
 1.24577686e+00 7.32528768e+00
 3.63451720e+00 8.41114730e+00
 1.40221899e+00 7.26141104e+00
 1.46417541e+00 7.15840962e+00
 2.27276636e+00 8.79289060e+00
 2.27656109e+00 9.19650914e+00
 4.31700144e+00 7.82273107e+00
 1.49303288e+00 8.45357802e+00
 1.54905806e+00 7.05263738e+00
 5.11892491e+00 7.04877350e+00
 3.05148747e+00 8.92537368e+00
 4.53942249e+00 7.14586404e+00
 2.46951710e+00 8.78697000e+00
 5.27747065e+00 6.35131352e+00
 3.13900301e+00 8.58907938e+00
 2.23028972e+00 8.92242539e+00
 1.75616141e+00 7.68963260e+00
 1.29437381e+00 8.46737490e+00
 1.77578353e+00 8.33790984e+00
 1.24445691e+00 7.46236372e+00
 2.50437009e+00 9.60089683e+00
 2.18180645e+00 9.24916970e+00
 1.11631259e+00 7.60777917e+00
 1.72643250e+00 8.46532769e+00
 1.39740976e+00 7.46435820e+00
 1.60767074e+00 8.52966106e+00
 1.22898262e+00 6.86468111e+00
 1.87616959e+00 9.37270054e+00
 5.28277947e+00 6.39266918e+00
 1.40172363e+00 8.50846191e+00
 2.66554840e+00 9.47011307e+00
 1.26583048e+00 7.28957494e+00
 1.17894762e+00 7.19286996e+00
 3.20047975e+00 8.47086647e+00
 9.87898284e-01 5.74291702e+00
 1.11979088e+00 7.75886199e+00
 1.94218889e+00 9.23785770e+00
 3.89964229e+00 8.09413654e+00
 4.07452866e+00 7.88099726e+00
 4.41409511e+00 7.56422434e+00
 1.59455628e+00 8.99980273e+00
 4.51411665e+00 6.68446878e+00
 2.63975670e+00 9.54772768e+00
 1.97952871e+00 8.28069961e+00
 1.99733861e+00 9.65660219e+00
 2.86104354e+00 8.59544640e+00
 3.25237558e+00 9.25025153e+00
 1.37888190e+00 7.65475610e+00
 1.71608905e+00 8.39236288e+00
 2.93066160e+00 9.39717046e+00
 3.14429170e+00 8.64891552e+00
 1.15030999e+00 8.62227682e+00
 3.18142800e+00 9.06833200e+00
 1.59684486e+00 8.32696372e+00
 2.96568021e+00 8.48721345e+00
 4.09573563e+00 7.72122414e+00
 2.40971030e+00 9.15585921e+00
 7.99032889e-01 4.30810135e+00
 4.13795687e+00 7.82743637e+00
 2.85676123e+00 9.44364176e+00
 1.42738363e+00 7.75969312e+00
 1.84078201e+00 8.34639210e+00
 2.89229559e+00 9.07760090e+00
 1.91040589e+00 8.77505285e+00
 4.61976140e+00 7.10561043e+00
 2.66516375e+00 8.75488908e+00
 1.90886278e+00 9.03403109e+00
 1.20086657e+00 8.12421556e+00
 2.38479970e+00 8.95565318e+00
 1.96584664e+00 9.48987657e+00
 2.49994751e+00 8.99151709e+00
 1.87374394e+00 8.74957058e+00
 1.43479337e+00 7.95885301e+00
 2.06442260e+00 8.68540024e+00
 2.93527812e+00 8.76386052e+00
 4.69339562e+00 6.94017840e+00
 2.77961449e+00 9.32855691e+00
 5.12129389e+00 6.12446371e+00
 1.54809462e+00 8.60148622e+00
 1.33090237e+00 8.08242175e+00
 1.69277901e+00 8.29011604e+00
 4.26509532e+00 7.90014938e+00
 1.47654250e+00 8.28737967e+00
 4.32175424e+00 7.80966723e+00
 2.24122372e+00 9.76951841e+00
 3.80865969e+00 8.71471409e+00
 6.52573883e+00 4.04196323e+00
 3.61398759e+00 8.46756549e+00
 2.24549624e+00 9.39020343e+00
 1.15974873e+00 7.13187901e+00
 1.80792473e+00 9.08231655e+00
 2.76380614e+00 8.95603172e+00
 4.73293453e+00 7.02159855e+00
 1.26487116e+00 8.03558194e+00
 1.41893929e+00 8.30423165e+00
 3.32275322e+00 8.63146363e+00
 1.50273223e+00 9.01277191e+00
 1.79814856e+00 9.20087344e+00
 4.35425889e+00 7.35710523e+00
 1.01927739e+00 7.08959414e+00
 2.66750865e+00 8.75855813e+00
 8.61214920e-01 5.30589086e+00
 1.67459929e+00 8.34143315e+00
 2.01587692e+00 8.72930378e+00
 1.82918801e+00 8.85671609e+00
 2.97468429e+00 8.52148507e+00
 3.22465374e+00 9.26533111e+00
 1.91606972e+00 8.61101462e+00
 1.17764849e+00 7.28488342e+00
 1.85940962e+00 9.03874935e+00
 7.47326239e-01 4.68880028e+00
 1.35058580e+00 6.29004159e+00
 6.33477364e-01 3.57838885e+00
 3.18439040e+00 8.67648018e+00
 2.36694655e+00 9.37669146e+00
 5.09488362e+00 6.51804230e+00
 1.25982909e+00 7.82580028e+00
 2.47334333e+00 9.50080187e+00
 4.78606707e+00 7.24493923e+00
 2.87594297e+00 8.68241654e+00
 2.24393577e+00 9.16164073e+00
 1.00058388e+00 7.74598465e+00
 3.67121244e+00 8.44868444e+00
 1.98080210e+00 8.76149370e+00
 1.26741817e+00 7.25944199e+00
 2.31006926e+00 9.39913604e+00
 2.66998691e+00 8.48215585e+00
 4.14016688e+00 8.41556401e+00
 1.62784164e+00 8.38326950e+00
 1.73183747e+00 9.00134075e+00
 1.39298316e+00 8.39694906e+00
 2.79502770e+00 8.87072838e+00
 3.88945732e+00 7.94620148e+00
 4.53495227e+00 7.21879172e+00
 1.60734516e+00 8.30157188e+00
 4.22407580e+00 7.68350893e+00
 2.87873813e+00 8.19118349e+00
 1.99701745e+00 8.82117817e+00
 1.90875633e+00 7.99031710e+00
 1.97260257e+00 8.99338433e+00
 2.46643799e+00 9.11278966e+00
 3.69368487e+00 9.00640206e+00
 2.32059570e+00 8.80685614e+00
 2.55961208e+00 9.10503144e+00
 2.21781021e+00 8.58032660e+00
 7.58259620e-01 3.50569593e+00
 1.05767112e+00 6.42808862e+00
 3.93942648e+00 7.77533339e+00
 2.01838006e+00 8.79084593e+00
 1.89912550e+00 8.61763823e+00
 3.14613633e+00 8.60265613e+00
 2.91733209e+00 8.98321315e+00
 3.23479640e+00 8.91300939e+00
 4.22376821e+00 7.80898168e+00
 4.43301885e+00 7.60428716e+00
 3.15238044e+00 8.75609443e+00
 2.59789784e+00 8.97593165e+00
 1.67082024e+00 8.56328395e+00
 9.40930958e-01 6.19384423e+00
 1.89477768e+00 8.49458285e+00
 1.59245556e+00 9.23577646e+00
 4.85225912e+00 6.58448839e+00
 2.65028659e+00 9.37925726e+00
 1.82009650e+00 9.07005573e+00
 7.15517297e-01 5.25818029e+00
 1.42001496e+00 8.58323552e+00
 1.22506614e+00 7.84566422e+00
 2.32532156e+00 8.78461419e+00
 3.40156692e+00 8.71129092e+00
 4.70387167e+00 7.06027881e+00
 3.52207458e+00 8.51431407e+00
 3.74842632e+00 8.48776339e+00
 2.44634621e+00 9.08088697e+00
 3.97649544e+00 8.06169627e+00
 2.10630482e+00 8.60027184e+00
 1.73643008e+00 9.21759834e+00
 4.19301434e+00 7.95205883e+00
 4.05855947e+00 7.90335698e+00
 1.99920833e+00 8.15630773e+00
 3.07284563e+00 8.37380512e+00
 1.37678517e+00 7.81122253e+00
 3.19186130e+00 8.76530245e+00
 7.00338220e-01 2.84492078e+00
 1.76750272e+00 8.38881572e+00
 5.23981691e+00 6.15692343e+00
 2.46185204e+00 9.05871834e+00
 1.36698622e+00 8.13465743e+00
 4.05226697e+00 8.09382861e+00
 4.80496499e+00 6.94803474e+00
 3.12152884e+00 8.15999377e+00
 5.23697818e+00 6.87813786e+00
 2.44376422e+00 9.14043110e+00
 1.27972277e+00 8.11830201e+00
 4.66680729e+00 7.10793951e+00
 1.89530661e+00 7.98730773e+00
 3.21002384e+00 8.87240026e+00
 2.28039903e+00 9.58219806e+00
 2.92050116e+00 8.95649719e+00
 8.68431229e-01 5.04415312e+00
 3.41501296e+00 8.83820165e+00
 2.91902831e+00 9.33617463e+00
 1.77171157e+00 8.69664557e+00
 6.28420857e+00 4.52192500e+00
 2.54070709e+00 8.86099299e+00
 5.22133414e+00 6.45477671e+00
 1.03680612e+00 7.37021981e+00
 1.74903789e+00 8.66950025e+00
 7.26173967e+00 2.12014203e+00
 2.59612941e+00 8.87026888e+00
 5.31665481e+00 6.17706011e+00
 2.36858898e+00 9.43774639e+00
 1.56555437e+00 8.47107108e+00
 2.27936686e+00 8.42707680e+00
 4.32654672e+00 6.92845411e+00
 1.01345784e+00 6.65665809e+00
 6.88159012e+00 3.27075656e+00
 3.06403403e+00 8.72263811e+00
 6.07567441e-01 4.54944508e+00
 5.43967993e-01 9.05941984e-01
 9.44859856e-01 5.83288176e+00
 4.65661296e+00 6.93144191e+00
 2.28755314e+00 8.62569574e+00
 2.17902897e+00 8.89675573e+00
 2.45823213e+00 8.96042092e+00
 6.69139582e+00 3.48764869e+00
 2.58267405e+00 9.15978528e+00
 2.97300749e+00 8.94867119e+00
 2.05783744e+00 8.65427908e+00
 1.94515743e+00 9.07371623e+00
 1.33794736e+00 8.34071398e+00
 4.61934932e+00 7.16441608e+00
 1.21734540e+00 8.05296611e+00
 1.08485187e+00 6.32458095e+00
 4.75330752e+00 7.08049543e+00
 4.28529627e+00 7.51648184e+00
 1.18094530e+00 4.58660040e+00
 3.18866445e+00 8.82210955e+00
 2.23140898e+00 9.10974020e+00
 1.76233563e+00 8.72826600e+00
 2.61867934e+00 8.85711348e+00
 4.45911582e+00 7.28321873e+00
 1.76228726e+00 8.59612133e+00
 7.87307598e-01 4.91061194e+00
 3.23220547e+00 8.99501648e+00
 2.25371856e+00 8.76178083e+00
 5.67795182e+00 5.24950967e+00
 5.38301157e-01 3.53974722e+00
 1.78259126e+00 8.65638024e+00
 2.03326228e+00 8.04838028e+00
 4.85476836e+00 7.08702915e+00
 3.69586408e+00 8.66524834e+00
 2.29615503e+00 9.41566255e+00
 1.59651979e+00 7.90918418e+00
 6.89464531e-01 2.36197189e+00
 1.31778916e+00 8.51669092e+00
 1.06454737e+00 6.01146229e+00
 2.60813979e+00 9.14035946e+00
 1.48325816e+00 8.69664465e+00
 1.42758193e+00 8.78149020e+00
 3.77529654e+00 8.08390222e+00
 1.78751701e+00 7.77351234e+00
 1.88926529e+00 8.43797898e+00
 3.35070078e+00 8.42703121e+00
 2.36608042e+00 9.42392784e+00
 2.79978344e+00 8.56257063e+00
 6.14345871e+00 4.67606525e+00
 2.14867516e+00 8.66523475e+00
 1.10842328e+00 7.19052785e+00
 2.16883539e+00 8.11327410e+00
 3.53924649e+00 8.67461511e+00
 1.29629047e+00 7.96499392e+00
 2.67972455e+00 8.67446208e+00
 2.05973978e+00 9.28793382e+00
 4.55784892e+00 7.58292737e+00
 2.29679082e+00 9.45212910e+00
 2.78475119e+00 8.84149779e+00
 3.61431794e+00 8.63017808e+00
 2.16928389e+00 8.86806158e+00
 1.63415037e+00 8.60081436e+00
 2.23224295e+00 8.23106297e+00
 2.86915669e+00 8.95271228e+00
 3.75727080e+00 8.32164226e+00
 2.65897393e+00 8.51478850e+00
 1.98083173e+00 9.08454896e+00
 8.95958565e-01 7.35609120e+00
 2.63848355e+00 8.58105663e+00
 2.13359112e+00 8.54209920e+00
 2.52135367e+00 8.45617864e+00
 5.79733851e+00 5.12852306e+00
 4.31557850e+00 7.71351890e+00
 1.62700277e+00 8.19140137e+00
 9.43575179e-01 6.78546526e+00
 2.74019499e+00 9.15221886e+00
 1.27277057e+00 7.13535197e+00
 2.07713460e+00 9.56481670e+00
 2.60795887e+00 9.31942539e+00
 3.84063102e+00 8.02064251e+00
 2.23953046e+00 9.18535129e+00
 1.85916987e+00 8.72513406e+00
 1.07449962e+00 7.82858914e+00
 3.65613258e+00 8.19870498e+00
 2.30199422e+00 8.83650638e+00
 8.01634149e-01 3.99603361e+00
 1.81800058e+00 8.20466793e+00
 1.74705600e+00 7.75536556e+00
 2.28075077e+00 9.65466261e+00
 1.55565293e+00 7.58331303e+00
 1.82242007e+00 7.97261174e+00
 1.67139904e+00 8.37779191e+00
 2.53830352e+00 9.47275453e+00
 3.00065786e+00 9.05917771e+00
 1.94193018e+00 8.80833737e+00
 4.31774938e+00 7.76643954e+00
 7.94186857e-01 5.55838554e+00
 1.61914995e+00 8.71093795e+00
 1.82876121e+00 8.78851394e+00
 1.28559777e+00 8.75000382e+00
 1.79881110e+00 8.33564231e+00
 3.24136226e+00 8.67309126e+00
 4.83767507e+00 7.12991812e+00
 3.31572152e+00 8.27576913e+00
 3.10159286e+00 8.46208243e+00
 2.61279985e+00 9.49663734e+00
 3.47192370e+00 7.81775836e+00
 1.50128900e+00 8.37598342e+00
 3.92559806e+00 7.67082243e+00
 2.46032692e+00 8.61065302e+00
 2.68847931e+00 8.72334685e+00
 4.14146788e+00 8.05599010e+00
 6.35196577e+00 4.24252822e+00
 1.96747298e+00 9.35365118e+00
 1.46849946e+00 7.81018987e+00
 4.50640176e+00 7.15006930e+00
 1.14977597e+00 6.69757438e+00
 2.16839682e+00 9.20272743e+00
 3.95503739e+00 8.29320229e+00
 1.96950821e+00 9.26784574e+00
 9.79738740e-01 5.93445870e+00
 1.43806605e+00 7.45264362e+00
 2.83051344e+00 8.75235272e+00
 5.93864546e-01 3.61830103e+00
 2.42222150e+00 8.67647579e+00
 3.18199232e+00 9.09151593e+00
 1.97876670e+00 9.00889088e+00
 7.23755073e-01 4.19313934e+00
 1.58589171e+00 7.97320950e+00
 2.12658897e+00 9.14869213e+00
 2.50655142e+00 9.70781593e+00
 5.47164117e-01 1.18196272e-01
 2.12836194e+00 9.04275258e+00
 1.28007082e+00 7.09209390e+00
 1.15756916e+00 7.03442125e+00
 3.24293406e+00 9.37208677e+00
 2.23346924e+00 9.28880594e+00
 2.88392418e+00 9.07745221e+00
 2.83558131e+00 8.37310412e+00
 2.82476768e+00 9.08823539e+00
 4.18149951e+00 8.28835407e+00
 3.11119636e+00 8.74943852e+00
 2.91402811e+00 8.63161027e+00
 2.17857275e+00 9.35619933e+00
 1.71555620e+00 8.23399777e+00
 1.65102410e+00 7.99157142e+00
 3.83049362e+00 7.95012205e+00
 3.64538587e+00 7.86119730e+00
 1.05649580e+00 7.91391015e+00
 1.57844224e+00 7.82943960e+00
 2.89864432e+00 9.17242607e+00
 4.57883578e+00 6.93869045e+00
 1.05674714e+00 7.56909976e+00
 1.54400991e+00 8.01360389e+00
 2.09049881e+00 8.68277505e+00
 5.46038239e+00 5.89984627e+00
 1.59310349e+00 8.53932885e+00
 2.52726552e+00 9.55779896e+00
 1.83983678e+00 8.64738457e+00
 1.06797713e+00 7.32657482e+00
 1.32109770e+00 7.41911457e+00
 3.66136533e+00 8.33147579e+00
 1.64198388e+00 8.46920313e+00
 2.60503463e+00 9.13959506e+00
 2.60187071e+00 8.94506207e+00
 1.89073572e+00 8.41822378e+00
 2.68482264e+00 9.05019973e+00
 1.28685820e+00 7.96184195e+00
 3.31054101e+00 8.28174826e+00
 4.27986710e+00 7.84999991e+00
 3.40649927e+00 8.99123788e+00
 1.79048363e+00 9.20513079e+00
 1.78885737e+00 7.62200832e+00
 2.98966423e+00 8.99255570e+00
 4.74094070e+00 7.16036567e+00
 2.86096844e+00 9.19745210e+00
 2.17137609e+00 8.60774689e+00
 1.95185541e+00 9.09692277e+00
 1.16130162e+00 7.71347811e+00
 5.21144497e+00 6.08329245e+00
 2.92711983e+00 8.51443280e+00
 2.11776147e+00 8.68464567e+00
 1.69778066e+00 8.03954260e+00
 1.29259496e+00 8.37127901e+00
 2.23227942e+00 9.15176830e+00
 3.80526899e+00 8.14849404e+00
 3.47081536e+00 8.79293370e+00
 1.76372680e+00 8.35854999e+00
 4.82624704e+00 6.86606291e+00
 7.41268339e+00 1.95201375e+00
 1.89179535e+00 9.08385737e+00
 2.34169194e+00 9.26875642e+00
 2.06972214e+00 8.38487245e+00
 1.98326629e+00 8.12949102e+00
 1.10121802e+00 7.39514554e+00
 1.92224657e+00 8.49773429e+00
 6.39914173e-01 2.25539872e+00
 7.51124319e-01 3.22821106e+00
 2.42271993e+00 8.86860808e+00
 1.99871054e+00 9.05289894e+00
 3.37533955e+00 8.69853493e+00
 2.50191625e+00 8.82594998e+00
 4.02736882e+00 8.15111739e+00
 2.53037516e+00 9.43393375e+00
 3.95732325e+00 8.00256058e+00
 1.26230104e+00 7.56612752e+00
 3.32430845e+00 9.42198400e+00
 2.31991246e+00 9.18830316e+00
 1.40755115e+00 8.39540385e+00
 2.90615577e+00 8.71999038e+00
 2.19154927e+00 9.09628237e+00
 4.34404855e+00 7.49017487e+00
 9.13341119e-01 5.95898420e+00
 7.14541666e+00 2.40428268e+00
 9.39972367e-01 4.60601762e+00
 6.33723869e+00 4.32013486e+00
 1.84354924e+00 9.33910575e+00
 3.19738651e+00 8.18112976e+00
 3.46715785e+00 8.46603560e+00
 2.04627595e+00 9.24048751e+00
 3.83788059e+00 8.94107877e+00
 2.35923452e+00 9.32928344e+00
 4.78497168e+00 7.26622609e+00
 2.21131724e+00 9.44147929e+00
 1.30691702e+00 7.54770512e+00
 6.93858053e-01 5.38168232e+00
 3.69481641e+00 8.25293419e+00
 2.60133761e+00 9.35025936e+00
 2.22013094e+00 9.29774666e+00
 2.98300283e+00 9.76180381e+00
 1.34503016e+00 7.01897078e+00
 4.65277612e+00 7.88804884e+00
 3.21459804e+00 8.76742253e+00
 1.51800362e+00 8.37346678e+00
 2.16145899e+00 8.65059673e+00
 1.18884669e+00 7.02471563e+00
 4.53309627e+00 7.77120546e+00
 9.26592021e-01 7.56941824e+00
 5.13164547e+00 6.33936335e+00
 1.94280091e+00 8.67455288e+00
 4.60466624e+00 6.87841357e+00
 9.62382366e-01 6.52277339e+00
 4.75557359e+00 6.96922140e+00
 2.17651508e+00 9.06018927e+00
 1.43307304e+00 8.25370018e+00
 2.88327106e+00 9.14842616e+00
 4.64302187e+00 7.40855399e+00
 4.88644151e+00 6.75367075e+00
 1.94229030e+00 8.14995785e+00
 9.89206788e-01 6.10800566e+00
 6.00929002e+00 5.09270603e+00
 2.15456311e+00 8.83222320e+00
 4.12645598e+00 8.24796321e+00
 2.74191809e+00 8.55138765e+00
 2.45977474e+00 9.15917461e+00
 3.36370764e+00 8.28986735e+00
 5.55081119e+00 5.69493121e+00
 1.74181671e+00 8.43201287e+00
 2.10495389e+00 8.68605599e+00
 4.10869969e+00 7.72116965e+00
 3.02794569e+00 8.88938740e+00
 2.54604393e+00 9.28951785e+00
 1.34666307e+00 7.85552993e+00
 1.44742882e+00 7.99271342e+00
 2.59594804e+00 9.65026985e+00
 2.18597009e+00 8.59209738e+00
 4.39747207e+00 7.83582821e+00
 4.08300368e+00 7.83766874e+00
 4.70459355e+00 7.10210859e+00
 3.25065976e+00 9.04418339e+00
 3.22976611e+00 9.54800283e+00
 1.16882422e+00 8.10082648e+00
 2.87481933e+00 8.45199156e+00
 2.80244884e+00 9.64433908e+00
 2.17773042e+00 8.39842774e+00
 2.34793267e+00 9.10630665e+00
 8.66946083e-01 6.83075130e+00
 2.08224604e+00 8.85902360e+00
 2.12049810e+00 9.25360422e+00
 2.71718240e+00 9.16308544e+00
 5.53148757e+00 5.61772103e+00
 1.56792193e+00 7.54774431e+00
 3.35163938e+00 8.92543690e+00
 2.59549818e+00 8.94798310e+00
 1.09718320e+00 7.22980587e+00
 7.42466879e+00 2.10432862e+00
 2.15669726e+00 8.90404610e+00
 2.06335998e+00 9.22367006e+00
 1.78552129e+00 8.41826582e+00
 1.48779210e+00 8.51836988e+00
 9.01262068e-01 5.76088217e+00
 1.38211258e+00 6.95679387e+00
 4.61309263e+00 7.12223924e+00
 2.00830502e+00 9.50731129e+00
 2.07322000e+00 8.53800333e+00
 1.70570913e+00 8.54602207e+00
 8.50844641e-01 5.35968813e+00
 1.73296104e+00 8.45773480e+00
 4.08367542e+00 8.26282141e+00
 6.03814287e+00 5.03669956e+00
 2.67814942e+00 8.42355832e+00
 2.36986835e+00 8.53448431e+00
 2.35174758e+00 8.85149047e+00
 1.35489929e+00 7.82931126e+00
 8.76685701e-01 4.79581936e+00
 3.17913458e+00 8.91687037e+00
 2.02823975e+00 9.00877862e+00
 4.07046651e+00 7.78992186e+00
 3.84044276e+00 8.23374030e+00
 8.56647690e-01 3.85515948e+00
 2.04196903e+00 8.70198370e+00
 3.24257994e+00 8.84382431e+00
 2.42298177e+00 8.61880284e+00
 1.32119257e+00 7.61507123e+00
 1.34508639e+00 7.73271556e+00
 1.27729398e+00 7.18464437e+00
 4.28219833e+00 7.61453495e+00
 2.51501311e+00 8.49402394e+00
 1.63367935e+00 8.41781022e+00
 1.68402715e+00 8.67888414e+00
 1.16788227e+00 7.33768025e+00
 2.75062199e+00 9.11937676e+00
 1.88031556e+00 8.00463983e+00
 1.85560471e+00 9.91966111e+00
 7.10981519e+00 2.68791680e+00
 4.12258221e+00 7.11434679e+00
 2.66488523e+00 8.41635066e+00
 6.86376474e-01 3.57645417e+00
 2.87626203e+00 9.40429492e+00
 1.53646320e+00 7.72480948e+00
 1.99527026e+00 8.72853630e+00
 1.19838068e+00 6.56035056e+00
 1.75056411e+00 8.61787488e+00
 5.37460369e+00 5.74386122e+00
 6.41102103e-01 3.19829215e+00
 3.33957250e+00 8.52247666e+00
 9.58966725e-01 7.12106180e+00
 2.62591346e+00 9.22150798e+00
 3.70043720e+00 8.54188410e+00
 1.61560749e+00 9.02304653e+00
 1.45925537e+00 6.99070917e+00
 5.85212737e+00 5.14515767e+00
 2.04752806e+00 8.47998217e+00
 3.10026385e+00 9.23490829e+00
 1.51720840e+00 8.48978133e+00
 1.11862233e+00 6.78121616e+00
