 6.97965507e+00 1.07543530e+00
 5.70245262e+00 1.81238884e+00
 8.12474561e+00 2.07765706e+00
 7.65266091e+00 2.41553473e+00
 6.32661598e+00 1.65045141e+00
 6.65546878e+00 1.85808202e+00
 8.49797356e+00 3.35402469e+00
 5.20365684e+00 1.90907011e+00
 6.08351659e+00 1.33254786e+00
 7.92921712e+00 2.36966600e+00
 8.04523544e+00 2.28774314e+00
 6.97869104e+00 1.66854285e+00
 5.88196346e+00 1.53721803e+00
 4.98749051e+00 1.97848933e+00
 7.39720247e+00 1.35820712e+00
 6.58486826e+00 1.58037885e+00
 7.68093708e+00 1.55697209e+00
 7.85260838e+00 3.36564186e+00
 6.33558163e+00 1.93703528e+00
 4.11084504e+00 2.66835717e+00
 7.53918227e+00 1.94064141e+00
 7.44162013e+00 1.75865255e+00
 7.30869424e+00 1.89504720e+00
 6.99711955e+00 2.31582314e+00
 7.80146543e+00 1.80437520e+00
 5.46288464e+00 1.66717465e+00
 6.26271591e+00 1.17592789e+00
 7.33079286e+00 2.03896043e+00
 6.41695212e+00 1.36542114e+00
 8.37864690e+00 2.96949176e+00
 7.28203299e+00 1.81010773e+00
 6.16698984e+00 1.43441254e+00
 6.83543354e+00 1.70917220e+00
 7.11681368e+00 1.35713920e+00
 6.51259478e+00 1.20209799e+00
 6.42679515e+00 1.95276678e+00
 6.78448209e+00 2.40524415e+00
 6.14077877e+00 1.44585371e+00
 6.79817641e+00 1.55753822e+00
 6.04910535e+00 1.37206414e+00
 6.23083056e+00 1.52347677e+00
 6.44992650e+00 1.27365301e+00
 4.92735915e+00 2.11673992e+00
 7.57567713e+00 1.68577346e+00
 8.21706612e+00 2.74158221e+00
 7.61673650e+00 1.52018428e+00
 5.51957199e+00 1.60862490e+00
 6.41624992e+00 1.77102934e+00
 7.30598282e+00 1.41703993e+00
 6.58609998e+00 1.24063779e+00
 6.20783101e+00 1.36553080e+00
 5.84688575e+00 1.39418687e+00
 4.81177073e+00 2.33931016e+00
 6.63797037e+00 1.72868429e+00
 6.89328584e+00 1.53319824e+00
 6.74365955e+00 1.59701078e+00
 4.77584374e+00 1.87209395e+00
 7.99402066e+00 2.55790726e+00
 7.06666765e+00 1.05218454e+00
 8.34738250e+00 3.45930467e+00
 6.50064532e+00 1.96636802e+00
 6.77428083e+00 2.33138708e+00
 7.87977877e+00 2.57119251e+00
 6.82919646e+00 1.16791262e+00
 5.06612975e+00 2.11016049e+00
 6.25559618e+00 1.53529430e+00
 4.88024151e+00 2.24818165e+00
 4.03047247e+00 2.95017010e+00
 6.71808404e+00 2.02151965e+00
 5.10962608e+00 2.34232942e+00
 7.09884723e+00 2.06239738e+00
 6.75805703e+00 1.59329524e+00
 4.91985900e+00 1.92116453e+00
 5.69185134e+00 1.94663927e+00
 7.79883209e+00 2.38201578e+00
 6.01211147e+00 1.57738485e+00
 6.18116474e+00 1.61655924e+00
 3.87154367e+00 3.27180757e+00
 7.18686918e+00 1.85232220e+00
 7.53954959e+00 1.73578053e+00
 5.49998737e+00 1.79370244e+00
 8.06704047e+00 2.84873932e+00
 6.22208846e+00 1.21536334e+00
 7.81491079e+00 2.30489793e+00
 7.45824287e+00 2.01294304e+00
 5.81101149e+00 1.61813499e+00
 5.47326898e+00 1.82353398e+00
 6.40191472e+00 1.43685417e+00
 6.80268757e+00 1.93706961e+00
 6.94002061e+00 1.51907968e+00
 5.85970546e+00 1.50012250e+00
 7.09590221e+00 1.60405660e+00
 6.90228133e+00 1.31595304e+00
 4.25040353e+00 2.61575511e+00
 6.52551900e+00 2.06071838e+00
 8.24555777e+00 2.40037765e+00
 7.80788278e+00 2.49116283e+00
 6.82901597e+00 1.81181901e+00
 7.03686531e+00 1.46230506e+00
 4.88488458e+00 1.81126713e+00
 5.64230794e+00 2.15625496e+00
 6.65065183e+00 1.63042072e+00
 6.73288790e+00 1.38891756e+00
 7.18283319e+00 1.44379083e+00
 6.67844903e+00 1.39978370e+00
 7.54186710e+00 1.77653812e+00
 7.08109648e+00 9.21941366e-01
 6.81950289e+00 1.51246332e+00
 7.35944024e+00 1.61843006e+00
 6.52824884e+00 1.31966054e+00
 5.13171184e+00 2.05840813e+00
 6.37521949e+00 1.73603519e+00
 4.96815041e+00 1.81153257e+00
 8.57315557e+00 3.62173644e+00
 6.02981953e+00 1.67278609e+00
 8.08744105e+00 3.21232774e+00
 7.70268595e+00 1.88694627e+00
 8.53112444e+00 3.67551082e+00
 5.62710410e+00 1.94486932e+00
 7.11474941e+00 1.69911976e+00
 7.29838145e+00 1.65943836e+00
 7.44992901e+00 2.69954375e+00
 6.13450550e+00 1.36868065e+00
 7.43262717e+00 1.88733248e+00
 5.93265632e+00 1.53411027e+00
 5.17219642e+00 1.61675590e+00
 6.49789555e+00 1.80784099e+00
 8.01348280e+00 3.31185197e+00
 5.63418002e+00 1.50823142e+00
 6.63852338e+00 1.42066423e+00
 5.49062716e+00 1.46556497e+00
 6.74311920e+00 1.56197598e+00
 7.43246371e+00 1.66725146e+00
 6.92265331e+00 2.05930412e+00
 6.60544572e+00 1.25620649e+00
 7.31340499e+00 1.96523610e+00
 6.70768699e+00 1.38231699e+00
 7.20091771e+00 1.82322129e+00
 5.75441548e+00 1.93626931e+00
 6.64090360e+00 1.61953642e+00
 6.94907495e+00 1.57765464e+00
 5.57116992e+00 1.55195544e+00
 6.62163304e+00 1.44548627e+00
 8.53527232e+00 3.58884224e+00
 7.86225591e+00 1.70243023e+00
 6.00218062e+00 1.20098210e+00
 7.03418014e+00 1.86149878e+00
 5.42408944e+00 1.86167095e+00
 4.76741661e+00 2.20672769e+00
 7.53218805e+00 2.01153583e+00
 7.05196192e+00 1.68594287e+00
 6.86488254e+00 1.21651895e+00
 6.23031836e+00 1.61284747e+00
 6.20197801e+00 1.01985420e+00
 6.78521141e+00 1.73408325e+00
 6.72443405e+00 1.59620707e+00
 5.91501146e+00 1.45186818e+00
 4.89527962e+00 1.92394273e+00
 6.60677332e+00 1.79964761e+00
 9.27530760e+00 6.58817975e+00
 8.09238189e+00 2.24790366e+00
 6.42232186e+00 1.59077407e+00
 6.58220646e+00 1.26683410e+00
 6.99455156e+00 1.16359306e+00
 8.35765974e+00 3.16667104e+00
 7.67824313e+00 2.01466191e+00
 6.05324782e+00 1.11647909e+00
 8.06034156e+00 2.34953178e+00
 6.55176744e+00 1.49571562e+00
 7.84434270e+00 2.74607601e+00
 5.97240766e+00 1.55339951e+00
 3.67826603e+00 3.15467469e+00
 6.74448577e+00 1.02102010e+00
 7.38956322e+00 2.37651496e+00
 5.67718763e+00 1.82170841e+00
 5.69383232e+00 1.29858099e+00
 8.01283947e+00 2.80076834e+00
 7.23097239e+00 1.43214972e+00
 6.06155068e+00 1.71316419e+00
 8.34011398e+00 2.93952632e+00
 7.37541697e+00 2.08547809e+00
 7.59641066e+00 2.35557403e+00
 7.60894088e+00 2.14935772e+00
 7.00076513e+00 1.56621860e+00
 7.55852144e+00 2.32707081e+00
 5.83232179e+00 1.41266598e+00
 6.53635329e+00 1.04498292e+00
 7.02780955e+00 1.60359100e+00
 7.67724301e+00 2.25098821e+00
 6.49319322e+00 1.15286426e+00
 6.52614239e+00 1.28524558e+00
 8.40462479e+00 3.89724861e+00
 7.17147507e+00 1.46302547e+00
 6.58683666e+00 1.38991421e+00
 5.45401013e+00 1.82119517e+00
 5.15970766e+00 2.12129023e+00
 6.41806532e+00 1.35305969e+00
 7.34070359e+00 1.88467268e+00
 7.50258546e+00 1.75154686e+00
 6.75112903e+00 1.84554139e+00
 5.56443920e+00 1.58089476e+00
 5.27187060e+00 1.94991626e+00
 6.43719250e+00 1.48573687e+00
 6.04329891e+00 1.48887932e+00
 5.45570350e+00 1.96362556e+00
 5.82108364e+00 1.61168077e+00
 7.43317252e+00 1.79489991e+00
 7.58239510e+00 2.38777675e+00
 5.19344213e+00 2.27364726e+00
 5.58368131e+00 1.81716645e+00
 6.89786978e+00 1.48797657e+00
 5.58365914e+00 2.29685908e+00
 7.22111367e+00 2.11882463e+00
 7.85523463e+00 2.86697308e+00
 6.61246120e+00 1.08658194e+00
 7.07661985e+00 1.57686465e+00
 8.28667919e+00 3.09324668e+00
 8.84367816e+00 4.64887036e+00
 5.61983668e+00 1.49747106e+00
 7.62070571e+00 2.26906840e+00
 6.30985374e+00 1.93827476e+00
 6.94025328e+00 5.97501185e-01
 7.14573029e+00 1.94075999e+00
 7.34053665e+00 1.31524602e+00
 7.73038309e+00 1.38514252e+00
 7.32194015e+00 1.65239592e+00
 7.94376131e+00 2.53318460e+00
 7.42781405e+00 1.95414559e+00
 7.53877194e+00 1.50227017e+00
 8.32226579e+00 2.43255473e+00
 6.14017139e+00 1.15639861e+00
 6.23076141e+00 1.62228901e+00
 7.89436444e+00 2.46234150e+00
 5.00281406e+00 2.29941617e+00
 6.83543394e+00 1.25981125e+00
 6.80295251e+00 2.02209555e+00
 3.81011264e+00 3.11012960e+00
 7.96071305e+00 1.77843701e+00
 7.19774839e+00 1.51723370e+00
 6.74215345e+00 1.52059122e+00
 7.20494467e+00 1.90216997e+00
 7.15750880e+00 1.60101815e+00
 7.71295304e+00 2.28788515e+00
 5.86274180e+00 1.67852273e+00
 7.22779410e+00 1.43153647e+00
 6.70133529e+00 1.36965861e+00
 7.27748317e+00 1.91916683e+00
 5.24755083e+00 1.93241659e+00
 5.92818922e+00 1.66142798e+00
 8.35059027e+00 3.02911364e+00
 6.53444037e+00 1.59422654e+00
 7.41138662e+00 1.91756466e+00
 6.23210792e+00 1.49509638e+00
 4.27382110e+00 2.41999111e+00
 7.06341580e+00 1.48307567e+00
 8.33403236e+00 2.83305879e+00
 7.29749679e+00 1.93943468e+00
 7.12796569e+00 1.44850503e+00
 4.37406272e+00 2.62463029e+00
 5.73944921e+00 1.88875377e+00
 7.96789160e+00 2.48506949e+00
 7.38387485e+00 1.83486062e+00
 6.16519816e+00 1.81996451e+00
 7.86408785e+00 2.79685862e+00
 6.06155164e+00 1.81425110e+00
 6.75843638e+00 1.92497640e+00
 6.08060181e+00 8.75775032e-01
 7.19816492e+00 2.18989380e+00
 6.54514017e+00 1.03967519e+00
 6.58419235e+00 1.56414268e+00
 6.91444244e+00 1.26568591e+00
 2.77895501e+00 4.52120002e+00
 7.10598319e+00 1.07239107e+00
 5.40588439e+00 2.03468403e+00
 6.90908764e+00 1.53797873e+00
 3.35915863e+00 3.99624135e+00
 5.96862838e+00 1.83717123e+00
 8.85482092e+00 4.84226612e+00
 6.89777060e+00 1.62407966e+00
 5.46350519e+00 1.89339224e+00
 7.27110674e+00 2.12511898e+00
 6.82718628e+00 1.62149718e+00
 4.89116646e+00 2.11478092e+00
 6.65854514e+00 1.48010608e+00
 5.10722913e+00 1.59954921e+00
 7.40206144e+00 2.09129818e+00
 6.96129550e+00 1.84179653e+00
 6.58366930e+00 1.28752706e+00
 7.51544382e+00 2.09471278e+00
 7.39936361e+00 1.63014356e+00
 6.95355801e+00 1.46315934e+00
 7.79748811e+00 2.47636469e+00
 6.81887739e+00 1.79159831e+00
 6.99831202e+00 1.63030076e+00
 6.27434141e+00 1.64712379e+00
 6.38517885e+00 1.17684020e+00
 4.25653608e+00 2.77588452e+00
 5.42304379e+00 1.51209933e+00
 5.94700212e+00 1.75807292e+00
 4.80000495e+00 1.90187574e+00
 6.65905571e+00 1.40872874e+00
 5.79403232e+00 1.85155772e+00
 7.21005766e+00 1.71273900e+00
 6.59807676e+00 1.35604443e+00
 8.84844156e+00 4.99408961e+00
 6.58865523e+00 1.42775841e+00
 5.01298925e+00 1.58365227e+00
 4.93318549e+00 2.09534024e+00
 8.70101391e+00 4.00426008e+00
 6.28405090e+00 1.18753915e+00
 6.12859926e+00 1.88601902e+00
 6.93333224e+00 1.50732458e+00
 6.44627006e+00 1.35882159e+00
 7.16455775e+00 1.50201865e+00
 7.24632898e+00 2.19499932e+00
 7.34206794e+00 1.96677349e+00
 6.14533113e+00 1.30600875e+00
 7.38935062e+00 2.04512084e+00
 7.31252537e+00 1.96382171e+00
 7.33451377e+00 2.09407221e+00
 7.42914351e+00 1.46415842e+00
 7.12937839e+00 2.11405479e+00
 3.77312357e+00 3.32406742e+00
 5.75302317e+00 1.62829290e+00
 8.08885588e+00 3.33109184e+00
 3.76702864e+00 3.15097486e+00
 4.76030799e+00 2.30019979e+00
 5.80732180e+00 1.66727233e+00
 6.30159032e+00 1.29944956e+00
 6.51455171e+00 1.88747050e+00
 6.31545302e+00 9.46233258e-01
 7.29697576e+00 1.31797603e+00
 6.93116324e+00 1.21076665e+00
 6.54713613e+00 1.30276292e+00
 5.97444997e+00 1.26999162e+00
 6.58275165e+00 1.48826967e+00
 6.36092338e+00 1.34355190e+00
 8.06733210e+00 2.51486726e+00
 6.44164760e+00 1.55970219e+00
 6.23789808e+00 1.35802648e+00
 7.16827273e+00 1.94182830e+00
 7.06999027e+00 1.62548031e+00
 5.37765070e+00 1.57313466e+00
 6.59110841e+00 1.13070150e+00
 8.28439424e+00 3.05539362e+00
 7.03649830e+00 1.58145257e+00
 5.26634737e+00 1.78327045e+00
 6.75648417e+00 1.46550076e+00
 5.48631286e+00 1.72680764e+00
 4.96376722e+00 2.23073245e+00
 7.55653070e+00 2.21904661e+00
 6.38008009e+00 1.63563427e+00
 7.15239764e+00 1.64144411e+00
 6.45448299e+00 1.74384196e+00
 7.78356358e+00 2.99140919e+00
 7.62077502e+00 2.50939409e+00
 3.00394073e+00 4.80162825e+00
 6.98563122e+00 1.69790095e+00
 6.63573713e+00 1.69500560e+00
 6.27604796e+00 7.49583107e-01
 7.92397871e+00 2.85027337e+00
 6.98408962e+00 1.46707518e+00
 7.19033641e+00 1.25892242e+00
 7.22905141e+00 1.58507411e+00
 6.72609103e+00 1.69062715e+00
 7.58339990e+00 1.75547994e+00
 6.50477540e+00 1.92942466e+00
 6.69211687e+00 1.45004241e+00
 6.54639780e+00 1.22840751e+00
 6.67490135e+00 1.72961905e+00
 6.13694894e+00 1.78887597e+00
 4.87819077e+00 2.40121321e+00
 5.37658038e+00 1.42642207e+00
 7.05100025e+00 1.69649998e+00
 6.73018172e+00 1.31680582e+00
 6.30181262e+00 1.46400676e+00
 6.41459630e+00 1.45829808e+00
 6.65512374e+00 2.06459349e+00
 7.71075879e+00 2.46167141e+00
 5.64754116e+00 1.99494429e+00
 6.16605089e+00 1.49943534e+00
 6.01292572e+00 1.27925224e+00
 5.87286856e+00 1.60242375e+00
 6.08715135e+00 1.59146508e+00
 7.70364098e+00 2.52073812e+00
 6.80450200e+00 1.18485331e+00
 7.00848766e+00 1.59081357e+00
 4.55491972e+00 2.25061029e+00
 8.74862399e+00 4.21304726e+00
 7.00107046e+00 1.95555875e+00
 6.01544732e+00 1.86536353e+00
 6.89905336e+00 1.49202266e+00
 7.34555700e+00 1.87388708e+00
 7.26694826e+00 1.97898478e+00
 8.33486763e+00 2.47151959e+00
 6.26909103e+00 1.56795488e+00
 6.22220089e+00 1.40236147e+00
 6.67128766e+00 1.86394314e+00
 4.76570767e+00 2.28308407e+00
 6.98283438e+00 2.03408116e+00
