 2.21077120e+00 4.84101966e+00
 5.32570667e+00 4.67307778e+00
 3.33812311e+00 5.07025012e+00
 3.15462704e+00 5.65507713e+00
 2.81172294e+00 4.42522612e+00
 2.42018810e+00 4.38673603e+00
 2.38656583e+00 3.13227811e+00
 3.75070783e+00 4.88847712e+00
 2.69209813e+00 4.23152405e+00
 3.92153298e+00 5.99469589e+00
 3.58487248e+00 6.15897998e+00
 1.88117035e+00 1.97728732e+00
 3.37599091e+00 5.70257462e+00
 3.76729339e+00 5.71462126e+00
 4.70917738e+00 5.31781003e+00
 5.32990695e+00 4.22903712e+00
 4.69197218e+00 5.26597545e+00
 2.92114271e+00 5.49331765e+00
 3.17898032e+00 5.47619317e+00
 4.63171603e+00 4.96781126e+00
 3.02966091e+00 4.93327751e+00
 2.63425003e+00 4.81092069e+00
 3.35955257e+00 5.73976025e+00
 2.34585574e+00 4.47581602e+00
 3.28357048e+00 5.26994552e+00
 3.16439873e+00 4.55967756e+00
 2.73127658e+00 4.77514134e+00
 6.27236143e+00 3.74406936e+00
 2.29383738e+00 4.72437739e+00
 3.84767737e+00 5.26284287e+00
 7.48629002e+00 2.32922980e+00
 2.73040333e+00 4.73744891e+00
 2.24718659e+00 4.37249726e+00
 3.11575254e+00 5.85603872e+00
 2.35850548e+00 3.99594611e+00
 4.48658366e+00 5.28454323e+00
 2.83584129e+00 5.92418356e+00
 3.70199910e+00 5.42111656e+00
 3.89498045e+00 5.11376540e+00
 3.90795421e+00 4.92198821e+00
 3.06671997e+00 6.08779942e+00
 3.22175185e+00 4.92711529e+00
 3.10191925e+00 5.40404306e+00
 3.07470476e+00 5.52323280e+00
 4.73844411e+00 4.68579273e+00
 2.24049524e+00 2.93464744e+00
 3.00401101e+00 5.26982019e+00
 6.11522193e+00 3.90382720e+00
 3.01554539e+00 5.89921106e+00
 4.24067208e+00 6.04660569e+00
 2.19801482e+00 3.94671575e+00
 2.24067398e+00 4.03711451e+00
 3.55456846e+00 6.15139012e+00
 4.42653211e+00 5.99819126e+00
 2.47416513e+00 3.70890143e+00
 3.16047164e+00 5.31106513e+00
 2.91933947e+00 5.96632461e+00
 4.00670020e+00 5.37740315e+00
 2.47313038e+00 5.26133827e+00
 3.69904916e+00 5.06384592e+00
 2.92421058e+00 5.67776101e+00
 3.65467019e+00 5.71733996e+00
 1.84169044e+00 1.40465439e+00
 2.88334690e+00 5.41392796e+00
 2.20454813e+00 4.56905351e+00
 3.42439038e+00 5.96498246e+00
 2.23627924e+00 4.29501922e+00
 4.42517299e+00 5.80929449e+00
 2.61847210e+00 4.74615414e+00
 2.27779003e+00 5.14555400e+00
 2.01753727e+00 4.41231884e+00
 2.96637566e+00 5.60250783e+00
 4.18986560e+00 5.31040354e+00
 3.24162997e+00 5.47658904e+00
 2.86919054e+00 5.14919115e+00
 1.98851589e+00 3.78913240e+00
 2.43743541e+00 4.56976304e+00
 2.86459435e+00 5.24409544e+00
 2.49311698e+00 4.65003750e+00
 2.25837478e+00 4.32535443e+00
 4.64930032e+00 5.44351853e+00
 3.66267959e+00 5.46319363e+00
 3.53152939e+00 5.60915237e+00
 4.63236975e+00 4.98561712e+00
 3.02746186e+00 4.81039521e+00
 3.42137956e+00 5.56942767e+00
 2.39187437e+00 4.43794060e+00
 2.40325643e+00 4.25762823e+00
 2.70094814e+00 4.85328436e+00
 4.61085979e+00 5.11580720e+00
 3.22102497e+00 5.41244444e+00
 4.28560218e+00 5.36730858e+00
 4.20804375e+00 5.69811524e+00
 6.34641853e+00 3.49889668e+00
 2.12629973e+00 2.33263499e+00
 3.44822884e+00 6.04194869e+00
 2.85815527e+00 5.27580366e+00
 3.59172382e+00 5.06327194e+00
 2.50958348e+00 4.10391045e+00
 2.09144378e+00 3.18754209e+00
 2.33214690e+00 4.65639751e+00
 4.80309341e+00 4.98802180e+00
 4.55418085e+00 5.42245309e+00
 3.72669846e+00 5.58503456e+00
 2.31754200e+00 4.89221033e+00
 2.60070401e+00 5.99379468e+00
 3.92247559e+00 5.73767517e+00
 4.88275279e+00 5.04467711e+00
 4.95956714e+00 4.49515742e+00
 3.44487607e+00 5.55997454e+00
 2.43662472e+00 4.70642940e+00
 2.15834038e+00 4.27548745e+00
 4.64136083e+00 5.64649521e+00
 3.95809967e+00 5.83218069e+00
 4.73790816e+00 5.17637910e+00
 2.76057291e+00 5.58804417e+00
 4.18965761e+00 5.16509389e+00
 3.01879834e+00 5.50147495e+00
 3.54480700e+00 5.44513854e+00
 4.86098119e+00 5.48332543e+00
 3.22816642e+00 6.15832757e+00
 4.26481187e+00 4.90213411e+00
 3.71713008e+00 4.96702604e+00
 1.74863425e+00 1.75298914e+00
 3.29105087e+00 5.55842168e+00
 2.09572549e+00 4.72815417e+00
 3.00681012e+00 5.99251606e+00
 2.25501718e+00 4.82629286e+00
 4.61782410e+00 5.07424988e+00
 4.45143159e+00 5.59081750e+00
 4.89230033e+00 5.08049468e+00
 1.96067257e+00 6.98517541e-01
 3.47806779e+00 6.42345703e+00
 2.69279536e+00 4.52834533e+00
 2.30472731e+00 5.80508907e+00
 2.97338895e+00 5.79184391e+00
 3.88948283e+00 5.19507894e+00
 3.86731659e+00 5.27159287e+00
 3.30593740e+00 5.15174321e+00
 3.86981893e+00 5.06924728e+00
 2.08599304e+00 4.10407070e+00
 3.21267765e+00 6.19793306e+00
 2.94154633e+00 5.28037110e+00
 3.19463799e+00 5.92938019e+00
 5.91905505e+00 4.14626118e+00
 5.33504587e+00 4.68918252e+00
 3.30721316e+00 6.11361770e+00
 2.02818172e+00 3.50231967e+00
 3.38246091e+00 5.20291300e+00
 6.00717290e+00 3.99407622e+00
 3.63969253e+00 5.18276235e+00
 3.62903584e+00 5.68525740e+00
 2.41017560e+00 4.68684170e+00
 3.63742532e+00 5.76884345e+00
 3.64806900e+00 5.79989538e+00
 2.48020284e+00 4.45282565e+00
 2.64358976e+00 5.63805540e+00
 4.09062697e+00 5.25202029e+00
 3.47747143e+00 6.23611838e+00
 4.03652140e+00 5.41750927e+00
 2.41852413e+00 5.05681460e+00
 3.03091023e+00 5.55785576e+00
 2.56328792e+00 5.16816587e+00
 3.43457967e+00 5.33482886e+00
 2.05735198e+00 4.44875338e+00
 2.47818222e+00 5.32461251e+00
 3.41154741e+00 5.08140290e+00
 2.47625791e+00 5.02277082e+00
 2.87252404e+00 6.30717044e+00
 3.43363385e+00 5.66675809e+00
 3.46451858e+00 4.99159846e+00
 3.10926448e+00 5.50594763e+00
 4.03186398e+00 5.22671900e+00
 3.38405372e+00 5.79992796e+00
 3.40772539e+00 5.27866076e+00
 5.29562923e+00 4.81832070e+00
 3.22096272e+00 5.17808557e+00
 2.79411269e+00 5.03057582e+00
 4.77244115e+00 4.56502655e+00
 5.29603194e+00 4.81115402e+00
 2.38026986e+00 4.46066687e+00
 1.99228863e+00 3.29318828e+00
 3.62980259e+00 5.53450210e+00
 5.37499423e+00 4.69791115e+00
 2.06467285e+00 3.66588547e+00
 3.50825438e+00 4.98980769e+00
 3.32279656e+00 5.91172687e+00
 3.93303646e+00 5.70674676e+00
 3.65200435e+00 5.62612530e+00
 2.95641801e+00 5.38357753e+00
 3.34028788e+00 5.27761164e+00
 3.64835287e+00 5.85909514e+00
 3.05864752e+00 5.30309265e+00
 3.40213046e+00 6.03810459e+00
 2.38711786e+00 4.29880913e+00
 2.65684988e+00 5.41384046e+00
 4.54768538e+00 4.72560066e+00
 2.29906960e+00 4.68130876e+00
 2.70436532e+00 4.89496008e+00
 2.53447285e+00 4.82682175e+00
 3.62913717e+00 5.96035962e+00
 2.87158961e+00 4.64463821e+00
 3.83460067e+00 5.78423122e+00
 2.67842838e+00 4.81675870e+00
 2.25634235e+00 4.72261748e+00
 4.00581945e+00 5.62095072e+00
 4.55042512e+00 5.50399247e+00
 2.97049879e+00 5.27799848e+00
 3.72528147e+00 5.44841860e+00
 2.98509415e+00 5.85894300e+00
 3.55638477e+00 6.53409562e+00
 3.10794667e+00 5.02545243e+00
 4.37718397e+00 5.54002900e+00
 3.49026969e+00 5.13632592e+00
 2.70196034e+00 4.12178046e+00
 3.35174063e+00 5.30757042e+00
 3.11334505e+00 5.33350950e+00
 2.60457927e+00 4.29352141e+00
 3.25124934e+00 5.14242246e+00
 2.68586933e+00 4.47532556e+00
 4.95253265e+00 4.92084901e+00
 3.35404460e+00 5.22739315e+00
 1.92366612e+00 3.43100809e+00
 3.24239458e+00 5.17981557e+00
 3.26661433e+00 5.68270164e+00
 6.73304787e+00 3.44594260e+00
 5.60755667e+00 4.54834257e+00
 3.12978032e+00 5.67419052e+00
 2.96736725e+00 5.38827035e+00
 3.13353217e+00 4.93742635e+00
 3.21753127e+00 4.92391757e+00
 4.65994215e+00 5.70711850e+00
 3.11618399e+00 5.67506922e+00
 4.89534325e+00 5.01701187e+00
 2.27147459e+00 4.92698860e+00
 2.41510413e+00 4.79679695e+00
 1.89583148e+00 3.28643327e+00
 3.43699828e+00 5.24919161e+00
 5.12571195e+00 5.15844094e+00
 5.47743857e+00 4.53214882e+00
 2.63018316e+00 5.31129392e+00
 3.77443387e+00 5.63887414e+00
 2.14932149e+00 3.96885372e+00
 4.69425651e+00 5.26365857e+00
 2.54185717e+00 5.19940982e+00
 3.50489385e+00 5.74439448e+00
 3.21480487e+00 5.06762034e+00
 4.16134424e+00 5.61839749e+00
 2.63933795e+00 5.56430665e+00
 3.01616981e+00 6.04402110e+00
 3.43410733e+00 5.33383829e+00
 3.34221627e+00 5.48942838e+00
 2.97850790e+00 4.92195480e+00
 2.52701316e+00 3.87688220e+00
 3.58944232e+00 5.57940208e+00
 6.02235794e+00 4.40103316e+00
 3.02140557e+00 5.18282284e+00
 4.81496937e+00 4.65371743e+00
 4.33770001e+00 5.60462366e+00
 3.20738461e+00 5.25508705e+00
 4.92907356e+00 5.11932957e+00
 2.52815458e+00 4.47326640e+00
 3.97792940e+00 5.92117316e+00
 3.18005592e+00 5.27631720e+00
 3.27060965e+00 5.59504037e+00
 4.23059990e+00 5.28297076e+00
 3.75069271e+00 5.43244059e+00
 4.27958004e+00 5.39340541e+00
 3.76748380e+00 5.34900167e+00
 4.47367542e+00 4.80055708e+00
 5.44105724e+00 4.10299504e+00
 3.44696977e+00 5.66470376e+00
 2.82694781e+00 5.00187492e+00
 2.68811927e+00 5.23230833e+00
 3.44184396e+00 4.88326178e+00
 5.45926100e+00 4.58663386e+00
 3.46859317e+00 5.57015085e+00
 3.53430853e+00 5.74342384e+00
 3.00280449e+00 5.48884095e+00
 4.50770309e+00 5.73118023e+00
 3.95989520e+00 5.62593610e+00
 3.65230315e+00 4.84031102e+00
 3.92286080e+00 5.53117563e+00
 4.38813685e+00 5.63939696e+00
 2.57000147e+00 5.08587211e+00
 2.91519279e+00 5.47757411e+00
 2.44720882e+00 4.62891563e+00
 3.21293488e+00 6.22321132e+00
 3.01211947e+00 5.41350844e+00
 2.91171716e+00 6.00384221e+00
 4.98923101e+00 4.69983951e+00
 3.39002901e+00 5.17229730e+00
 4.89379218e+00 5.35462487e+00
 3.08771883e+00 5.15808933e+00
 4.54736633e+00 4.92831008e+00
 2.77284928e+00 6.31454788e+00
 2.97896951e+00 4.83756537e+00
 4.53215102e+00 4.74814134e+00
 3.09372331e+00 5.96156807e+00
 3.90434972e+00 5.34211693e+00
 3.29268503e+00 5.50375094e+00
 3.80306276e+00 4.86940242e+00
 2.89177371e+00 6.11447760e+00
 3.00634454e+00 5.06715588e+00
 3.31041756e+00 5.84049696e+00
 4.36133687e+00 5.33823300e+00
 2.91635868e+00 5.38891321e+00
 4.33205430e+00 5.32524096e+00
 1.90036901e+00 2.80168329e+00
 3.27538226e+00 5.32088827e+00
 5.47352373e+00 4.47667613e+00
 3.63310342e+00 5.62072712e+00
 2.58582708e+00 5.01886606e+00
 3.33291498e+00 6.22230062e+00
 3.39376076e+00 5.46698209e+00
 4.32915924e+00 5.44641523e+00
 1.82891226e+00 1.45733553e+00
 2.94411671e+00 5.19000350e+00
 4.24529739e+00 5.78198024e+00
 4.06904645e+00 5.13810487e+00
 5.02126675e+00 5.12623779e+00
 3.48447202e+00 5.17316550e+00
 4.81914363e+00 5.10304429e+00
 4.69669767e+00 5.10101908e+00
 3.55823585e+00 5.18769217e+00
 3.93912620e+00 5.45233361e+00
 5.82157005e+00 4.33439965e+00
 2.49781619e+00 4.53801546e+00
 3.47848654e+00 5.07737101e+00
 4.24153082e+00 5.25648373e+00
 2.40172992e+00 4.03334752e+00
 3.71908844e+00 5.54659892e+00
 3.74817054e+00 5.66322034e+00
 3.17853189e+00 5.29498106e+00
 4.81972378e+00 5.16070658e+00
 2.84090384e+00 4.99863028e+00
 4.01538571e+00 5.04017185e+00
 2.25270399e+00 4.58736966e+00
 4.10626610e+00 5.47703513e+00
 6.56882420e+00 3.60108044e+00
 2.90393349e+00 5.99608065e+00
 4.47799094e+00 5.03261211e+00
 3.06929253e+00 4.88001693e+00
 4.12224168e+00 5.18569884e+00
 2.57630250e+00 4.35431889e+00
 2.81277428e+00 5.57143596e+00
 3.33964683e+00 5.06732817e+00
 2.43262078e+00 4.66330881e+00
 4.58966654e+00 5.60891169e+00
 4.72227591e+00 5.42876153e+00
 4.56488135e+00 4.98575791e+00
 3.42709153e+00 6.16585043e+00
 3.78577508e+00 4.90992444e+00
 4.20217287e+00 5.53159912e+00
 3.37027267e+00 5.05860537e+00
 3.50274052e+00 5.29911895e+00
 4.29791793e+00 4.62715949e+00
 4.84959069e+00 5.41076817e+00
 2.92334044e+00 4.88237096e+00
 2.44193039e+00 5.17190040e+00
 3.81503811e+00 5.48433199e+00
 4.41366113e+00 5.40503906e+00
 1.95197538e+00 2.95423587e+00
 3.23863934e+00 5.05291776e+00
 3.72992854e+00 5.50835336e+00
 2.52468693e+00 4.22630207e+00
 2.72090178e+00 5.72741227e+00
 5.93380999e+00 4.32987842e+00
 2.46849430e+00 3.82141099e+00
 3.16809659e+00 4.88126207e+00
 4.07867082e+00 5.42396149e+00
 2.27756317e+00 4.85037296e+00
 3.00046140e+00 5.85906594e+00
 5.77604395e+00 4.63120970e+00
 2.16423070e+00 5.32810131e+00
 4.18972838e+00 5.64594023e+00
 3.08493351e+00 5.01867294e+00
 2.09928015e+00 3.50698086e+00
 3.09266095e+00 5.41110143e+00
 2.87344522e+00 4.90838694e+00
 5.64005839e+00 4.10231712e+00
 2.31133427e+00 5.20409972e+00
 3.33866993e+00 4.76690695e+00
 3.63239912e+00 5.98719885e+00
 4.03760073e+00 5.82023852e+00
 5.12861561e+00 4.95566157e+00
 2.98385647e+00 5.11741382e+00
 4.43878690e+00 5.73929378e+00
 6.69618299e+00 3.62635618e+00
 5.27769768e+00 4.86382480e+00
 2.96086646e+00 5.41510713e+00
 3.05161371e+00 5.95541003e+00
 3.27404024e+00 6.24699208e+00
 2.10335351e+00 3.68367335e+00
 2.47222661e+00 4.91169318e+00
 4.24111056e+00 5.62811113e+00
 2.58257683e+00 4.06953905e+00
 5.46595531e+00 4.77041111e+00
 3.93109462e+00 6.02528206e+00
 2.53022843e+00 5.47981663e+00
